1	20 
2	20 
3	11 
4	10 
5	15 
6	20 
7	10 
8	13 
9	2 
10	9 
11	15 
12	6 
13	13 
14	5 
15	17 
16	19 
17	10 
18	15 
19	3 
20	21 
21	15 
22	4 
23	19 
24	7 
25	10 
26	1 
27	1 
28	15 
29	17 
30	6 
31	12 
32	15 
33	5 
34	6 
35	17 
36	10 
37	13 
38	5 
39	6 
40	6 
41	20 
42	6 
43	14 
44	9 
45	11 
46	6 
47	11 
48	20 
49	3 
50	7 
51	16 
52	5 
53	15 
54	5 
55	16 
56	12 
57	12 
58	9 
59	1 
60	13 
61	4 
62	18 
63	18 
64	7 
65	5 
66	6 
67	21 
68	11 
69	20 
70	12 
71	4 
72	16 
73	6 
74	15 
75	21 
76	4 
77	5 
78	3 
79	12 
80	2 
81	14 
82	12 
83	7 
84	20 
85	10 
86	14 
87	5 
88	9 
89	15 
90	16 
91	17 
92	6 
93	21 
94	7 
95	18 
96	9 
97	6 
98	4 
99	6 
100	15 
101	4 
102	8 
103	13 
104	15 
105	15 
106	6 
107	15 
108	10 
109	18 
110	17 
111	19 
112	11 
113	12 
114	18 
115	17 
116	17 
117	7 
118	17 
119	4 
120	3 
121	14 
122	9 
123	17 
124	12 
125	18 
126	5 
127	9 
128	20 
129	21 
130	15 
131	2 
132	16 
133	7 
134	17 
135	15 
136	4 
137	11 
138	21 
139	6 
140	19 
141	19 
142	5 
143	7 
144	15 
145	13 
146	17 
147	21 
148	15 
149	4 
150	12 
151	19 
152	3 
153	5 
154	1 
155	9 
156	6 
157	8 
158	5 
159	14 
160	1 
161	18 
162	9 
163	15 
164	13 
165	21 
166	10 
167	14 
168	9 
169	4 
170	9 
171	6 
172	1 
173	20 
174	6 
175	19 
176	4 
177	15 
178	18 
179	20 
180	13 
181	15 
182	20 
183	15 
184	5 
185	16 
186	13 
187	6 
188	18 
189	7 
190	18 
191	13 
192	4 
193	6 
194	18 
195	20 
196	19 
197	2 
198	9 
199	15 
200	12 
201	17 
202	1 
203	6 
204	7 
205	10 
206	2 
207	15 
208	16 
209	1 
210	8 
211	17 
212	20 
213	10 
214	15 
215	3 
216	8 
217	16 
218	15 
219	19 
220	5 
221	4 
222	17 
223	15 
224	13 
225	6 
226	12 
227	21 
228	14 
229	18 
230	15 
231	17 
232	13 
233	12 
234	4 
235	10 
236	16 
237	14 
238	6 
239	10 
240	14 
241	21 
242	2 
243	9 
244	20 
245	8 
246	7 
247	17 
248	21 
249	15 
250	7 
251	1 
252	14 
253	11 
254	20 
255	3 
256	21 
257	1 
258	18 
259	3 
260	4 
261	13 
262	3 
263	6 
264	10 
265	7 
266	1 
267	5 
268	5 
269	7 
270	11 
271	17 
272	17 
273	11 
274	17 
275	8 
276	12 
277	21 
278	14 
279	5 
280	6 
281	18 
282	17 
283	12 
284	15 
285	18 
286	10 
287	15 
288	15 
289	18 
290	1 
291	6 
292	18 
293	14 
294	17 
295	2 
296	14 
297	1 
298	15 
299	16 
300	17 
301	1 
302	9 
303	2 
304	18 
305	12 
306	14 
307	19 
308	9 
309	6 
310	18 
311	10 
312	19 
313	15 
314	5 
315	15 
316	10 
317	17 
318	16 
319	9 
320	12 
321	14 
322	4 
323	10 
324	3 
325	8 
326	17 
327	2 
328	19 
329	18 
330	10 
331	15 
332	4 
333	4 
334	4 
335	12 
336	7 
337	2 
338	20 
339	10 
340	4 
341	1 
342	15 
343	6 
344	13 
345	14 
346	12 
347	3 
348	19 
349	17 
350	19 
351	10 
352	13 
353	18 
354	15 
355	20 
356	6 
357	2 
358	10 
359	18 
360	14 
361	6 
362	5 
363	12 
364	6 
365	15 
366	13 
367	17 
368	6 
369	11 
370	17 
371	13 
372	21 
373	9 
374	1 
375	12 
376	18 
377	15 
378	6 
379	15 
380	9 
381	18 
382	3 
383	18 
384	20 
385	8 
386	15 
387	19 
388	21 
389	10 
390	9 
391	19 
392	8 
393	18 
394	16 
395	4 
396	8 
397	17 
398	14 
399	13 
400	21 
401	15 
402	18 
403	18 
404	4 
405	15 
406	4 
407	19 
408	5 
409	20 
410	15 
411	9 
412	4 
413	13 
414	1 
415	12 
416	17 
417	4 
418	12 
419	16 
420	7 
421	2 
422	17 
423	17 
424	17 
425	18 
426	12 
427	17 
428	21 
429	6 
430	1 
431	6 
432	14 
433	8 
434	16 
435	18 
436	12 
437	15 
438	16 
439	1 
440	6 
441	20 
442	12 
443	12 
444	15 
445	5 
446	9 
447	11 
448	4 
449	1 
450	7 
451	14 
452	18 
453	1 
454	4 
455	16 
456	4 
457	6 
458	15 
459	6 
460	16 
461	18 
462	8 
463	15 
464	4 
465	3 
466	10 
467	14 
468	18 
469	17 
470	19 
471	18 
472	19 
473	17 
474	21 
475	11 
476	10 
477	1 
478	11 
479	10 
480	6 
481	4 
482	18 
483	8 
484	19 
485	14 
486	6 
487	11 
488	20 
489	18 
490	2 
491	6 
492	4 
493	9 
494	5 
495	14 
496	18 
497	7 
498	13 
499	7 
500	4 
501	10 
502	7 
503	20 
504	14 
505	4 
506	3 
507	8 
508	2 
509	12 
510	20 
511	5 
512	6 
513	7 
514	3 
515	7 
516	9 
517	15 
518	4 
519	12 
520	10 
521	7 
522	9 
523	13 
524	3 
525	6 
526	13 
527	5 
528	10 
529	6 
530	13 
531	5 
532	6 
533	6 
534	3 
535	8 
536	2 
537	9 
538	16 
539	15 
540	20 
541	6 
542	21 
543	4 
544	21 
545	20 
546	11 
547	15 
548	20 
549	15 
550	21 
551	3 
552	17 
553	14 
554	17 
555	13 
556	12 
557	3 
558	17 
559	8 
560	6 
561	11 
562	1 
563	8 
564	17 
565	5 
566	15 
567	21 
568	18 
569	19 
570	15 
571	21 
572	17 
573	3 
574	17 
575	14 
576	4 
577	19 
578	8 
579	18 
580	12 
581	20 
582	11 
583	7 
584	20 
585	12 
586	5 
587	4 
588	16 
589	13 
590	20 
591	6 
592	16 
593	8 
594	12 
595	15 
596	16 
597	5 
598	18 
599	7 
600	18 
601	16 
602	2 
603	8 
604	8 
605	7 
606	5 
607	15 
608	19 
609	13 
610	12 
611	11 
612	12 
613	7 
614	21 
615	10 
616	19 
617	1 
618	5 
619	1 
620	17 
621	14 
622	9 
623	17 
624	2 
625	17 
626	10 
627	16 
628	17 
629	7 
630	6 
631	15 
632	18 
633	17 
634	11 
635	10 
636	7 
637	17 
638	4 
639	11 
640	19 
641	7 
642	20 
643	10 
644	15 
645	12 
646	11 
647	6 
648	15 
649	3 
650	16 
651	7 
652	12 
653	8 
654	15 
655	9 
656	5 
657	15 
658	12 
659	15 
660	15 
661	9 
662	17 
663	7 
664	17 
665	3 
666	2 
667	16 
668	15 
669	19 
670	6 
671	16 
672	13 
673	4 
674	5 
675	12 
676	5 
677	6 
678	16 
679	9 
680	17 
681	12 
682	15 
683	9 
684	5 
685	2 
686	20 
687	6 
688	17 
689	4 
690	7 
691	14 
692	16 
693	13 
694	2 
695	9 
696	4 
697	21 
698	6 
699	8 
700	17 
701	19 
702	6 
703	9 
704	13 
705	6 
706	18 
707	12 
708	17 
709	20 
710	15 
711	12 
712	19 
713	9 
714	6 
715	14 
716	20 
717	17 
718	18 
719	8 
720	15 
721	8 
722	15 
723	9 
724	12 
725	14 
726	20 
727	2 
728	5 
729	10 
730	21 
731	5 
732	16 
733	4 
734	17 
735	5 
736	15 
737	5 
738	7 
739	14 
740	4 
741	12 
742	15 
743	13 
744	13 
745	15 
746	12 
747	6 
748	4 
749	10 
750	13 
751	4 
752	11 
753	1 
754	17 
755	1 
756	1 
757	6 
758	18 
759	11 
760	4 
761	6 
762	15 
763	3 
764	18 
765	14 
766	3 
767	16 
768	6 
769	8 
770	5 
771	10 
772	20 
773	13 
774	6 
775	11 
776	17 
777	15 
778	8 
779	13 
780	8 
781	16 
782	17 
783	5 
784	15 
785	17 
786	17 
787	8 
788	18 
789	9 
790	18 
791	15 
792	17 
793	1 
794	16 
795	13 
796	20 
797	6 
798	8 
799	18 
800	3 
801	21 
802	18 
803	17 
804	11 
805	16 
806	4 
807	15 
808	13 
809	6 
810	4 
811	17 
812	11 
813	13 
814	17 
815	19 
816	14 
817	1 
818	14 
819	5 
820	12 
821	13 
822	11 
823	6 
824	1 
825	7 
826	13 
827	6 
828	4 
829	17 
830	19 
831	11 
832	18 
833	20 
834	12 
835	7 
836	15 
837	20 
838	6 
839	17 
840	11 
841	4 
842	12 
843	6 
844	20 
845	15 
846	14 
847	19 
848	18 
849	15 
850	15 
851	7 
852	13 
853	14 
854	13 
855	10 
856	13 
857	17 
858	18 
859	13 
860	10 
861	20 
862	6 
863	18 
864	18 
865	13 
866	18 
867	16 
868	12 
869	13 
870	12 
871	17 
872	14 
873	9 
874	10 
875	4 
876	6 
877	1 
878	16 
879	20 
880	7 
881	12 
882	19 
883	12 
884	4 
885	14 
886	8 
887	16 
888	5 
889	16 
890	1 
891	1 
892	17 
893	10 
894	15 
895	18 
896	18 
897	8 
898	13 
899	4 
900	6 
901	15 
902	9 
903	16 
904	12 
905	16 
906	15 
907	1 
908	17 
909	6 
910	19 
911	4 
912	10 
913	16 
914	18 
915	6 
916	20 
917	6 
918	4 
919	4 
920	6 
921	9 
922	1 
923	20 
924	4 
925	13 
926	17 
927	10 
928	1 
929	6 
930	18 
931	18 
932	15 
933	4 
934	16 
935	15 
936	15 
937	17 
938	15 
939	7 
940	6 
941	1 
942	9 
943	16 
944	4 
945	15 
946	4 
947	17 
948	15 
949	20 
950	14 
951	5 
952	4 
953	13 
954	12 
955	10 
956	20 
957	18 
958	15 
959	6 
960	12 
961	16 
962	20 
963	15 
964	4 
965	12 
966	15 
967	4 
968	10 
969	10 
970	6 
971	12 
972	6 
973	5 
974	12 
975	17 
976	20 
977	13 
978	20 
979	20 
980	13 
981	12 
982	17 
983	15 
984	15 
985	10 
986	12 
987	18 
988	17 
989	18 
990	15 
991	17 
992	17 
993	6 
994	15 
995	6 
996	4 
997	17 
998	13 
999	20 
1000	6 
