1	13 
2	10 
3	6 
4	14 
5	14 
6	18 
7	13 
8	6 
9	10 
10	6 
11	4 
12	6 
13	6 
14	6 
15	21 
16	3 
17	19 
18	21 
19	6 
20	19 
21	16 
22	15 
23	2 
24	4 
25	11 
26	8 
27	6 
28	19 
29	17 
30	12 
31	12 
32	18 
33	20 
34	14 
35	17 
36	15 
37	6 
38	21 
39	10 
40	1 
41	6 
42	4 
43	14 
44	8 
45	6 
46	8 
47	4 
48	5 
49	5 
50	13 
51	17 
52	11 
53	3 
54	19 
55	14 
56	8 
57	20 
58	4 
59	15 
60	14 
61	1 
62	14 
63	14 
64	19 
65	6 
66	21 
67	16 
68	10 
69	10 
70	9 
71	17 
72	20 
73	17 
74	8 
75	14 
76	7 
77	8 
78	2 
79	9 
80	2 
81	3 
82	3 
83	16 
84	9 
85	10 
86	17 
87	5 
88	6 
89	13 
90	19 
91	6 
92	9 
93	6 
94	18 
95	9 
96	6 
97	12 
98	8 
99	14 
100	1 
101	17 
102	7 
103	17 
104	15 
105	14 
106	9 
107	13 
108	5 
109	19 
110	21 
111	1 
112	11 
113	1 
114	19 
115	4 
116	1 
117	13 
118	17 
119	10 
120	11 
121	6 
122	6 
123	6 
124	17 
125	17 
126	13 
127	17 
128	21 
129	2 
130	2 
131	6 
132	7 
133	21 
134	5 
135	9 
136	21 
137	12 
138	7 
139	3 
140	4 
141	8 
142	17 
143	17 
144	4 
145	11 
146	14 
147	21 
148	13 
149	7 
150	17 
151	19 
152	5 
153	17 
154	11 
155	18 
156	13 
157	4 
158	18 
159	1 
160	21 
161	15 
162	17 
163	11 
164	12 
165	20 
166	6 
167	9 
168	2 
169	9 
170	4 
171	4 
172	3 
173	19 
174	20 
175	4 
176	9 
177	13 
178	14 
179	7 
180	2 
181	10 
182	7 
183	6 
184	18 
185	9 
186	7 
187	20 
188	15 
189	10 
190	19 
191	6 
192	13 
193	18 
194	2 
195	15 
196	12 
197	19 
198	21 
199	3 
200	21 
201	4 
202	15 
203	17 
204	9 
205	6 
206	10 
207	9 
208	10 
209	9 
210	17 
211	3 
212	11 
213	7 
214	9 
215	12 
216	11 
217	2 
218	17 
219	10 
220	6 
221	19 
222	15 
223	8 
224	4 
225	9 
226	13 
227	10 
228	12 
229	19 
230	3 
231	4 
232	7 
233	6 
234	4 
235	7 
236	6 
237	13 
238	20 
239	6 
240	9 
241	6 
242	13 
243	12 
244	17 
245	5 
246	6 
247	11 
248	6 
249	7 
250	10 
251	13 
252	12 
253	1 
254	18 
255	10 
256	12 
257	1 
258	12 
259	2 
260	17 
261	2 
262	19 
263	11 
264	11 
265	1 
266	1 
267	13 
268	12 
269	7 
270	16 
271	14 
272	11 
273	18 
274	5 
275	10 
276	21 
277	4 
278	4 
279	4 
280	2 
281	10 
282	10 
283	14 
284	2 
285	9 
286	13 
287	8 
288	7 
289	21 
290	7 
291	6 
292	17 
293	5 
294	10 
295	2 
296	8 
297	6 
298	3 
299	4 
300	16 
301	4 
302	6 
303	8 
304	3 
305	15 
306	10 
307	16 
308	9 
309	4 
310	20 
311	3 
312	3 
313	15 
314	18 
315	17 
316	19 
317	10 
318	19 
319	6 
320	11 
321	12 
322	17 
323	13 
324	10 
325	15 
326	10 
327	15 
328	9 
329	13 
330	9 
331	7 
332	10 
333	4 
334	6 
335	4 
336	7 
337	19 
338	12 
339	8 
340	7 
341	20 
342	2 
343	8 
344	10 
345	8 
346	9 
347	9 
348	15 
349	19 
350	10 
351	9 
352	7 
353	10 
354	5 
355	10 
356	20 
357	3 
358	9 
359	6 
360	10 
361	17 
362	21 
363	8 
364	17 
365	14 
366	4 
367	10 
368	16 
369	16 
370	12 
371	4 
372	2 
373	12 
374	15 
375	12 
376	17 
377	5 
378	2 
379	9 
380	10 
381	14 
382	13 
383	17 
384	14 
385	14 
386	7 
387	1 
388	16 
389	6 
390	19 
391	5 
392	17 
393	19 
394	14 
395	16 
396	7 
397	6 
398	20 
399	4 
400	19 
401	12 
402	10 
403	4 
404	21 
405	9 
406	8 
407	12 
408	16 
409	6 
410	11 
411	2 
412	6 
413	6 
414	13 
415	19 
416	5 
417	21 
418	14 
419	17 
420	2 
421	9 
422	19 
423	4 
424	4 
425	10 
426	6 
427	20 
428	17 
429	11 
430	4 
431	12 
432	19 
433	6 
434	14 
435	13 
436	17 
437	10 
438	15 
439	18 
440	16 
441	8 
442	21 
443	9 
444	4 
445	19 
446	4 
447	13 
448	12 
449	12 
450	7 
451	16 
452	13 
453	16 
454	15 
455	10 
456	4 
457	2 
458	13 
459	19 
460	13 
461	12 
462	18 
463	10 
464	1 
465	5 
466	20 
467	8 
468	1 
469	12 
470	20 
471	1 
472	1 
473	1 
474	7 
475	14 
476	3 
477	11 
478	5 
479	4 
480	12 
481	13 
482	19 
483	20 
484	16 
485	17 
486	9 
487	17 
488	4 
489	16 
490	4 
491	12 
492	11 
493	4 
494	21 
495	11 
496	2 
497	19 
498	13 
499	2 
500	3 
501	6 
502	6 
503	13 
504	12 
505	19 
506	10 
507	13 
508	17 
509	13 
510	13 
511	21 
512	12 
513	15 
514	4 
515	10 
516	12 
517	11 
518	7 
519	15 
520	16 
521	10 
522	9 
523	12 
524	18 
525	3 
526	5 
527	18 
528	10 
529	10 
530	11 
531	2 
532	18 
533	14 
534	10 
535	11 
536	10 
537	12 
538	5 
539	10 
540	19 
541	7 
542	8 
543	13 
544	7 
545	5 
546	8 
547	3 
548	9 
549	13 
550	12 
551	7 
552	15 
553	19 
554	10 
555	11 
556	12 
557	9 
558	11 
559	20 
560	20 
561	9 
562	1 
563	14 
564	15 
565	10 
566	15 
567	13 
568	4 
569	14 
570	6 
571	8 
572	8 
573	13 
574	10 
575	13 
576	17 
577	6 
578	6 
579	4 
580	6 
581	18 
582	7 
583	17 
584	18 
585	12 
586	10 
587	14 
588	5 
589	9 
590	14 
591	9 
592	13 
593	4 
594	1 
595	10 
596	14 
597	5 
598	4 
599	16 
600	12 
601	12 
602	10 
603	7 
604	16 
605	19 
606	9 
607	9 
608	4 
609	17 
610	17 
611	6 
612	21 
613	15 
614	13 
615	15 
616	16 
617	12 
618	13 
619	3 
620	5 
621	14 
622	7 
623	21 
624	8 
625	7 
626	4 
627	12 
628	11 
629	17 
630	20 
631	1 
632	19 
633	14 
634	10 
635	10 
636	2 
637	14 
638	3 
639	17 
640	15 
641	20 
642	20 
643	10 
644	9 
645	13 
646	9 
647	16 
648	10 
649	7 
650	13 
651	10 
652	10 
653	20 
654	13 
655	10 
656	12 
657	18 
658	6 
659	4 
660	18 
661	10 
662	16 
663	19 
664	12 
665	4 
666	10 
667	9 
668	7 
669	14 
670	17 
671	17 
672	19 
673	18 
674	6 
675	12 
676	20 
677	19 
678	11 
679	6 
680	16 
681	7 
682	4 
683	3 
684	21 
685	18 
686	17 
687	21 
688	17 
689	4 
690	15 
691	10 
692	8 
693	16 
694	16 
695	5 
696	4 
697	6 
698	14 
699	2 
700	19 
701	19 
702	9 
703	5 
704	3 
705	19 
706	13 
707	6 
708	13 
709	1 
710	20 
711	2 
712	6 
713	12 
714	8 
715	20 
716	6 
717	6 
718	20 
719	19 
720	7 
721	17 
722	10 
723	10 
724	1 
725	13 
726	10 
727	21 
728	2 
729	9 
730	2 
731	14 
732	4 
733	12 
734	5 
735	20 
736	9 
737	4 
738	10 
739	6 
740	3 
741	12 
742	6 
743	4 
744	19 
745	12 
746	19 
747	15 
748	13 
749	7 
750	6 
751	9 
752	12 
753	13 
754	9 
755	4 
756	20 
757	5 
758	6 
759	20 
760	1 
761	17 
762	19 
763	13 
764	14 
765	8 
766	1 
767	17 
768	15 
769	6 
770	16 
771	17 
772	15 
773	4 
774	10 
775	7 
776	17 
777	4 
778	17 
779	15 
780	16 
781	10 
782	10 
783	20 
784	7 
785	9 
786	20 
787	14 
788	13 
789	6 
790	5 
791	14 
792	13 
793	10 
794	17 
795	10 
796	13 
797	4 
798	21 
799	15 
800	4 
801	6 
802	14 
803	8 
804	14 
805	21 
806	20 
807	8 
808	19 
809	20 
810	17 
811	10 
812	12 
813	19 
814	20 
815	20 
816	21 
817	7 
818	17 
819	19 
820	19 
821	9 
822	13 
823	14 
824	17 
825	19 
826	4 
827	10 
828	17 
829	19 
830	4 
831	20 
832	17 
833	8 
834	15 
835	9 
836	14 
837	19 
838	12 
839	2 
840	14 
841	15 
842	13 
843	10 
844	13 
845	4 
846	17 
847	19 
848	13 
849	17 
850	7 
851	2 
852	13 
853	7 
854	17 
855	12 
856	10 
857	10 
858	6 
859	6 
860	12 
861	4 
862	15 
863	13 
864	4 
865	14 
866	10 
867	17 
868	9 
869	12 
870	4 
871	17 
872	10 
873	17 
874	2 
875	20 
876	6 
877	6 
878	17 
879	14 
880	10 
881	19 
882	2 
883	15 
884	9 
885	14 
886	14 
887	17 
888	6 
889	4 
890	13 
891	4 
892	14 
893	20 
894	10 
895	15 
896	15 
897	12 
898	9 
899	4 
900	10 
901	7 
902	10 
903	13 
904	9 
905	9 
906	4 
907	4 
908	2 
909	2 
910	15 
911	20 
912	10 
913	7 
914	9 
915	7 
916	9 
917	4 
918	15 
919	17 
920	6 
921	14 
922	9 
923	17 
924	6 
925	15 
926	4 
927	15 
928	6 
929	14 
930	6 
931	17 
932	4 
933	12 
934	20 
935	10 
936	12 
937	4 
938	19 
939	17 
940	10 
941	12 
942	6 
943	9 
944	13 
945	17 
946	10 
947	6 
948	17 
949	12 
950	4 
951	6 
952	17 
953	20 
954	10 
955	19 
956	13 
957	6 
958	4 
959	6 
960	12 
961	13 
962	10 
963	7 
964	13 
965	14 
966	6 
967	10 
968	7 
969	14 
970	9 
971	15 
972	10 
973	12 
974	14 
975	9 
976	19 
977	15 
978	6 
979	17 
980	12 
981	10 
982	9 
983	6 
984	9 
985	6 
986	7 
987	19 
988	17 
989	14 
990	4 
991	17 
992	19 
993	6 
994	13 
995	12 
996	10 
997	17 
998	12 
999	14 
1000	10 
