1	7 
2	19 
3	16 
4	16 
5	14 
6	8 
7	2 
8	20 
9	14 
10	4 
11	17 
12	22 
13	22 
14	14 
15	21 
16	16 
17	18 
18	6 
19	4 
20	6 
21	16 
22	10 
23	17 
24	21 
25	5 
26	16 
27	16 
28	10 
29	22 
30	21 
31	11 
32	11 
33	21 
34	16 
35	16 
36	14 
37	15 
38	7 
39	16 
40	14 
41	21 
42	1 
43	7 
44	16 
45	21 
46	7 
47	11 
48	11 
49	14 
50	11 
51	14 
52	7 
53	13 
54	15 
55	22 
56	21 
57	4 
58	3 
59	10 
60	3 
61	10 
62	12 
63	8 
64	7 
65	14 
66	17 
67	12 
68	18 
69	16 
70	7 
71	16 
72	15 
73	17 
74	4 
75	14 
76	9 
77	5 
78	5 
79	7 
80	4 
81	4 
82	18 
83	22 
84	19 
85	17 
86	4 
87	11 
88	7 
89	14 
90	3 
91	1 
92	17 
93	4 
94	15 
95	15 
96	1 
97	5 
98	20 
99	2 
100	11 
101	2 
102	15 
103	22 
104	8 
105	17 
106	5 
107	6 
108	17 
109	6 
110	15 
111	17 
112	6 
113	13 
114	7 
115	5 
116	12 
117	18 
118	3 
119	18 
120	2 
121	10 
122	15 
123	7 
124	9 
125	21 
126	11 
127	11 
128	18 
129	3 
130	18 
131	6 
132	5 
133	14 
134	9 
135	4 
136	3 
137	5 
138	4 
139	14 
140	14 
141	7 
142	17 
143	5 
144	4 
145	16 
146	17 
147	4 
148	18 
149	18 
150	19 
151	4 
152	7 
153	2 
154	16 
155	9 
156	5 
157	5 
158	1 
159	3 
160	14 
161	11 
162	11 
163	8 
164	21 
165	1 
166	11 
167	2 
168	3 
169	16 
170	7 
171	22 
172	9 
173	3 
174	11 
175	3 
176	19 
177	18 
178	9 
179	3 
180	19 
181	16 
182	6 
183	13 
184	21 
185	3 
186	2 
187	16 
188	8 
189	1 
190	6 
191	2 
192	20 
193	20 
194	17 
195	16 
196	17 
197	13 
198	11 
199	22 
200	18 
201	11 
202	14 
203	14 
204	9 
205	10 
206	10 
207	11 
208	21 
209	16 
210	19 
211	16 
212	8 
213	20 
214	20 
215	4 
216	7 
217	22 
218	12 
219	21 
220	4 
221	4 
222	7 
223	17 
224	20 
225	21 
226	10 
227	10 
228	10 
229	2 
230	2 
231	10 
232	17 
233	11 
234	16 
235	1 
236	20 
237	14 
238	8 
239	12 
240	19 
241	3 
242	7 
243	11 
244	4 
245	14 
246	8 
247	17 
248	20 
249	20 
250	18 
251	3 
252	6 
253	9 
254	2 
255	4 
256	15 
257	22 
258	21 
259	14 
260	4 
261	11 
262	12 
263	16 
264	13 
265	19 
266	1 
267	14 
268	19 
269	7 
270	17 
271	4 
272	14 
273	16 
274	9 
275	18 
276	16 
277	2 
278	5 
279	15 
280	5 
281	4 
282	14 
283	12 
284	9 
285	5 
286	17 
287	5 
288	18 
289	16 
290	14 
291	10 
292	8 
293	21 
294	19 
295	6 
296	15 
297	10 
298	7 
299	9 
300	4 
301	13 
302	5 
303	10 
304	8 
305	1 
306	10 
307	11 
308	8 
309	17 
310	3 
311	3 
312	10 
313	9 
314	2 
315	17 
316	8 
317	7 
318	16 
319	10 
320	17 
321	9 
322	22 
323	7 
324	14 
325	11 
326	12 
327	5 
328	14 
329	15 
330	17 
331	21 
332	1 
333	20 
334	7 
335	7 
336	2 
337	20 
338	21 
339	12 
340	5 
341	4 
342	3 
343	15 
344	3 
345	17 
346	3 
347	14 
348	2 
349	14 
350	5 
351	3 
352	16 
353	11 
354	16 
355	14 
356	4 
357	7 
358	13 
359	14 
360	16 
361	16 
362	15 
363	8 
364	18 
365	4 
366	16 
367	2 
368	4 
369	14 
370	5 
371	3 
372	19 
373	21 
374	4 
375	5 
376	12 
377	10 
378	5 
379	18 
380	13 
381	7 
382	3 
383	3 
384	4 
385	9 
386	1 
387	4 
388	21 
389	10 
390	1 
391	21 
392	6 
393	14 
394	11 
395	16 
396	5 
397	16 
398	10 
399	18 
400	5 
401	13 
402	16 
403	12 
404	15 
405	12 
406	14 
407	4 
408	5 
409	7 
410	17 
411	9 
412	6 
413	13 
414	17 
415	17 
416	2 
417	10 
418	16 
419	17 
420	5 
421	17 
422	4 
423	11 
424	17 
425	16 
426	15 
427	4 
428	9 
429	14 
430	7 
431	7 
432	3 
433	2 
434	19 
435	9 
436	22 
437	6 
438	19 
439	15 
440	14 
441	16 
442	19 
443	18 
444	11 
445	3 
446	9 
447	5 
448	6 
449	11 
450	11 
451	17 
452	21 
453	11 
454	9 
455	8 
456	11 
457	19 
458	20 
459	4 
460	18 
461	16 
462	22 
463	4 
464	9 
465	15 
466	2 
467	19 
468	7 
469	12 
470	19 
471	7 
472	8 
473	13 
474	8 
475	8 
476	6 
477	16 
478	5 
479	13 
480	5 
481	18 
482	17 
483	20 
484	16 
485	17 
486	19 
487	18 
488	10 
489	1 
490	4 
491	13 
492	19 
493	10 
494	2 
495	15 
496	5 
497	16 
498	15 
499	3 
500	2 
501	5 
502	11 
503	4 
504	6 
505	12 
506	16 
507	17 
508	20 
509	6 
510	18 
511	9 
512	14 
513	6 
514	21 
515	11 
516	19 
517	2 
518	18 
519	16 
520	10 
521	8 
522	21 
523	7 
524	20 
525	7 
526	21 
527	14 
528	8 
529	19 
530	9 
531	3 
532	5 
533	11 
534	3 
535	17 
536	3 
537	16 
538	19 
539	18 
540	13 
541	16 
542	16 
543	5 
544	7 
545	13 
546	22 
547	18 
548	1 
549	14 
550	14 
551	17 
552	7 
553	21 
554	16 
555	14 
556	9 
557	17 
558	4 
559	18 
560	7 
561	14 
562	6 
563	6 
564	17 
565	15 
566	3 
567	6 
568	22 
569	10 
570	22 
571	14 
572	9 
573	8 
574	8 
575	10 
576	8 
577	5 
578	8 
579	3 
580	1 
581	2 
582	8 
583	20 
584	10 
585	20 
586	16 
587	8 
588	11 
589	17 
590	9 
591	1 
592	9 
593	9 
594	16 
595	17 
596	6 
597	18 
598	7 
599	2 
600	12 
601	8 
602	9 
603	13 
604	14 
605	3 
606	18 
607	7 
608	1 
609	10 
610	16 
611	7 
612	9 
613	11 
614	2 
615	8 
616	14 
617	21 
618	15 
619	12 
620	7 
621	1 
622	22 
623	17 
624	8 
625	22 
626	4 
627	9 
628	14 
629	3 
630	12 
631	10 
632	10 
633	16 
634	9 
635	3 
636	15 
637	21 
638	1 
639	10 
640	17 
641	1 
642	6 
643	2 
644	20 
645	7 
646	22 
647	12 
648	8 
649	16 
650	6 
651	7 
652	20 
653	12 
654	4 
655	16 
656	6 
657	21 
658	21 
659	10 
660	19 
661	8 
662	14 
663	20 
664	14 
665	1 
666	16 
667	9 
668	16 
669	17 
670	13 
671	3 
672	2 
673	17 
674	3 
675	7 
676	7 
677	21 
678	5 
679	20 
680	4 
681	14 
682	16 
683	3 
684	5 
685	3 
686	12 
687	22 
688	6 
689	4 
690	18 
691	1 
692	13 
693	17 
694	21 
695	9 
696	16 
697	20 
698	14 
699	16 
700	3 
701	21 
702	13 
703	14 
704	16 
705	22 
706	3 
707	13 
708	19 
709	9 
710	1 
711	6 
712	20 
713	16 
714	11 
715	5 
716	13 
717	8 
718	3 
719	12 
720	17 
721	1 
722	16 
723	20 
724	10 
725	18 
726	5 
727	17 
728	16 
729	7 
730	14 
731	16 
732	10 
733	1 
734	9 
735	14 
736	22 
737	20 
738	4 
739	7 
740	5 
741	5 
742	5 
743	17 
744	8 
745	16 
746	12 
747	11 
748	19 
749	11 
750	3 
751	1 
752	1 
753	13 
754	10 
755	17 
756	15 
757	14 
758	15 
759	6 
760	13 
761	3 
762	14 
763	7 
764	5 
765	22 
766	8 
767	16 
768	7 
769	7 
770	1 
771	15 
772	7 
773	2 
774	2 
775	2 
776	14 
777	7 
778	1 
779	1 
780	16 
781	14 
782	7 
783	9 
784	18 
785	11 
786	17 
787	10 
788	15 
789	6 
790	8 
791	7 
792	16 
793	14 
794	9 
795	16 
796	16 
797	21 
798	8 
799	4 
800	7 
801	11 
802	8 
803	18 
804	20 
805	17 
806	7 
807	17 
808	14 
809	17 
810	1 
811	18 
812	8 
813	10 
814	2 
815	16 
816	7 
817	7 
818	16 
819	17 
820	16 
821	1 
822	17 
823	17 
824	8 
825	18 
826	5 
827	17 
828	1 
829	3 
830	21 
831	21 
832	3 
833	16 
834	14 
835	10 
836	4 
837	9 
838	2 
839	21 
840	14 
841	9 
842	5 
843	3 
844	16 
845	14 
846	2 
847	3 
848	8 
849	11 
850	10 
851	21 
852	10 
853	3 
854	14 
855	2 
856	18 
857	7 
858	17 
859	18 
860	3 
861	21 
862	20 
863	9 
864	14 
865	3 
866	5 
867	21 
868	10 
869	4 
870	3 
871	20 
872	18 
873	11 
874	3 
875	1 
876	14 
877	10 
878	5 
879	3 
880	16 
881	4 
882	3 
883	17 
884	21 
885	4 
886	1 
887	7 
888	16 
889	18 
890	5 
891	16 
892	4 
893	17 
894	2 
895	14 
896	14 
897	7 
898	7 
899	7 
900	7 
901	10 
902	8 
903	14 
904	1 
905	5 
906	7 
907	8 
908	18 
909	3 
910	2 
911	11 
912	3 
913	10 
914	14 
915	17 
916	10 
917	16 
918	5 
919	16 
920	17 
921	7 
922	10 
923	4 
924	21 
925	8 
926	2 
927	3 
928	9 
929	16 
930	7 
931	11 
932	7 
933	3 
934	18 
935	14 
936	5 
937	2 
938	14 
939	16 
940	4 
941	8 
942	4 
943	5 
944	14 
945	9 
946	16 
947	11 
948	5 
949	17 
950	2 
951	2 
952	4 
953	7 
954	18 
955	16 
956	16 
957	17 
958	17 
959	17 
960	14 
961	9 
962	9 
963	4 
964	7 
965	5 
966	3 
967	14 
968	16 
969	5 
970	9 
971	14 
972	14 
973	7 
974	14 
975	14 
976	16 
977	16 
978	14 
979	16 
980	8 
981	5 
982	5 
983	16 
984	16 
985	14 
986	11 
987	16 
988	10 
989	17 
990	9 
991	3 
992	14 
993	16 
994	4 
995	7 
996	4 
997	8 
998	14 
999	14 
1000	11 
