1	1 
2	11 
3	6 
4	5 
5	6 
6	16 
7	17 
8	7 
9	15 
10	4 
11	11 
12	14 
13	5 
14	9 
15	11 
16	2 
17	15 
18	2 
19	17 
20	7 
21	13 
22	9 
23	15 
24	13 
25	7 
26	6 
27	4 
28	14 
29	10 
30	16 
31	8 
32	4 
33	4 
34	7 
35	15 
36	16 
37	12 
38	4 
39	13 
40	13 
41	16 
42	16 
43	18 
44	14 
45	1 
46	2 
47	11 
48	7 
49	2 
50	5 
51	6 
52	19 
53	9 
54	11 
55	2 
56	14 
57	6 
58	15 
59	15 
60	17 
61	16 
62	19 
63	13 
64	8 
65	4 
66	9 
67	5 
68	5 
69	11 
70	4 
71	1 
72	8 
73	8 
74	4 
75	6 
76	12 
77	1 
78	16 
79	19 
80	17 
81	2 
82	16 
83	13 
84	11 
85	5 
86	11 
87	19 
88	17 
89	13 
90	14 
91	11 
92	6 
93	4 
94	16 
95	18 
96	15 
97	16 
98	6 
99	18 
100	5 
101	6 
102	1 
103	19 
104	16 
105	8 
106	6 
107	17 
108	5 
109	6 
110	17 
111	10 
112	7 
113	3 
114	17 
115	9 
116	9 
117	14 
118	11 
119	11 
120	7 
121	8 
122	12 
123	4 
124	19 
125	3 
126	6 
127	15 
128	11 
129	8 
130	6 
131	4 
132	19 
133	14 
134	5 
135	6 
136	2 
137	15 
138	15 
139	12 
140	9 
141	10 
142	4 
143	17 
144	13 
145	18 
146	6 
147	5 
148	14 
149	5 
150	4 
151	11 
152	1 
153	11 
154	6 
155	13 
156	11 
157	6 
158	5 
159	9 
160	17 
161	5 
162	5 
163	3 
164	13 
165	18 
166	17 
167	5 
168	18 
169	18 
170	3 
171	7 
172	8 
173	17 
174	19 
175	5 
176	9 
177	2 
178	17 
179	2 
180	6 
181	19 
182	6 
183	11 
184	11 
185	2 
186	8 
187	13 
188	13 
189	11 
190	9 
191	15 
192	19 
193	17 
194	17 
195	17 
196	9 
197	15 
198	3 
199	10 
200	11 
201	5 
202	4 
203	4 
204	16 
205	4 
206	4 
207	17 
208	19 
209	5 
210	5 
211	2 
212	17 
213	10 
214	12 
215	5 
216	5 
217	2 
218	10 
219	10 
220	4 
221	6 
222	16 
223	8 
224	12 
225	2 
226	2 
227	9 
228	13 
229	3 
230	10 
231	13 
232	15 
233	9 
234	18 
235	9 
236	5 
237	1 
238	2 
239	9 
240	10 
241	11 
242	19 
243	16 
244	13 
245	2 
246	17 
247	9 
248	11 
249	18 
250	13 
251	11 
252	3 
253	3 
254	15 
255	6 
256	5 
257	4 
258	9 
259	12 
260	8 
261	2 
262	11 
263	17 
264	17 
265	17 
266	11 
267	4 
268	1 
269	17 
270	6 
271	16 
272	17 
273	19 
274	18 
275	17 
276	9 
277	3 
278	4 
279	12 
280	17 
281	16 
282	14 
283	1 
284	6 
285	7 
286	4 
287	19 
288	5 
289	6 
290	16 
291	14 
292	19 
293	6 
294	16 
295	4 
296	10 
297	7 
298	2 
299	14 
300	6 
301	19 
302	19 
303	4 
304	11 
305	16 
306	17 
307	17 
308	8 
309	19 
310	6 
311	17 
312	11 
313	17 
314	5 
315	3 
316	5 
317	6 
318	19 
319	18 
320	13 
321	15 
322	3 
323	18 
324	13 
325	19 
326	5 
327	10 
328	4 
329	8 
330	16 
331	11 
332	11 
333	9 
334	10 
335	18 
336	9 
337	17 
338	14 
339	4 
340	13 
341	16 
342	16 
343	1 
344	16 
345	5 
346	19 
347	11 
348	17 
349	10 
350	5 
351	9 
352	3 
353	4 
354	15 
355	5 
356	5 
357	6 
358	6 
359	6 
360	4 
361	5 
362	18 
363	16 
364	15 
365	8 
366	5 
367	6 
368	12 
369	9 
370	17 
371	7 
372	14 
373	12 
374	6 
375	5 
376	8 
377	1 
378	8 
379	9 
380	1 
381	3 
382	17 
383	13 
384	1 
385	6 
386	11 
387	14 
388	6 
389	13 
390	12 
391	17 
392	6 
393	5 
394	17 
395	17 
396	11 
397	4 
398	15 
399	17 
400	19 
401	10 
402	14 
403	18 
404	9 
405	12 
406	4 
407	5 
408	19 
409	6 
410	18 
411	18 
412	3 
413	15 
414	2 
415	19 
416	6 
417	12 
418	1 
419	6 
420	1 
421	1 
422	17 
423	8 
424	11 
425	5 
426	2 
427	11 
428	2 
429	15 
430	3 
431	6 
432	7 
433	1 
434	19 
435	4 
436	9 
437	9 
438	11 
439	12 
440	18 
441	6 
442	13 
443	4 
444	7 
445	10 
446	16 
447	8 
448	6 
449	17 
450	5 
451	6 
452	10 
453	3 
454	7 
455	4 
456	13 
457	17 
458	2 
459	8 
460	8 
461	9 
462	9 
463	12 
464	3 
465	9 
466	6 
467	2 
468	4 
469	2 
470	16 
471	19 
472	19 
473	9 
474	5 
475	18 
476	3 
477	17 
478	11 
479	1 
480	19 
481	16 
482	2 
483	11 
484	7 
485	19 
486	13 
487	16 
488	2 
489	1 
490	17 
491	8 
492	11 
493	11 
494	8 
495	7 
496	18 
497	5 
498	16 
499	9 
500	11 
501	5 
502	14 
503	17 
504	16 
505	11 
506	17 
507	5 
508	4 
509	17 
510	7 
511	8 
512	16 
513	16 
514	4 
515	14 
516	17 
517	4 
518	19 
519	10 
520	4 
521	1 
522	17 
523	8 
524	19 
525	6 
526	17 
527	11 
528	5 
529	4 
530	14 
531	2 
532	6 
533	17 
534	16 
535	18 
536	7 
537	6 
538	16 
539	6 
540	9 
541	16 
542	17 
543	4 
544	4 
545	11 
546	4 
547	9 
548	4 
549	17 
550	14 
551	6 
552	4 
553	19 
554	8 
555	12 
556	11 
557	4 
558	7 
559	17 
560	2 
561	3 
562	9 
563	4 
564	12 
565	4 
566	11 
567	19 
568	4 
569	1 
570	4 
571	11 
572	17 
573	10 
574	5 
575	7 
576	1 
577	9 
578	17 
579	12 
580	9 
581	10 
582	6 
583	14 
584	17 
585	14 
586	6 
587	9 
588	5 
589	14 
590	16 
591	2 
592	6 
593	4 
594	9 
595	17 
596	16 
597	11 
598	17 
599	11 
600	5 
601	8 
602	8 
603	12 
604	5 
605	16 
606	7 
607	11 
608	11 
609	16 
610	8 
611	4 
612	12 
613	16 
614	7 
615	16 
616	4 
617	5 
618	3 
619	16 
620	3 
621	14 
622	17 
623	11 
624	2 
625	4 
626	9 
627	2 
628	9 
629	11 
630	12 
631	9 
632	6 
633	9 
634	16 
635	1 
636	5 
637	6 
638	13 
639	17 
640	11 
641	11 
642	4 
643	18 
644	8 
645	12 
646	18 
647	5 
648	5 
649	13 
650	4 
651	14 
652	7 
653	17 
654	13 
655	6 
656	7 
657	4 
658	19 
659	14 
660	19 
661	11 
662	4 
663	6 
664	15 
665	10 
666	16 
667	14 
668	13 
669	8 
670	4 
671	15 
672	9 
673	19 
674	14 
675	12 
676	12 
677	16 
678	6 
679	2 
680	7 
681	12 
682	2 
683	19 
684	19 
685	10 
686	6 
687	16 
688	8 
689	3 
690	18 
691	4 
692	7 
693	16 
694	4 
695	9 
696	2 
697	17 
698	17 
699	19 
700	4 
701	14 
702	8 
703	5 
704	16 
705	19 
706	15 
707	6 
708	10 
709	16 
710	16 
711	2 
712	4 
713	4 
714	18 
715	6 
716	6 
717	11 
718	3 
719	3 
720	7 
721	19 
722	13 
723	7 
724	3 
725	19 
726	13 
727	17 
728	3 
729	17 
730	14 
731	10 
732	15 
733	17 
734	19 
735	10 
736	17 
737	19 
738	6 
739	17 
740	19 
741	9 
742	6 
743	11 
744	13 
745	9 
746	1 
747	14 
748	9 
749	12 
750	19 
751	14 
752	2 
753	6 
754	6 
755	5 
756	11 
757	6 
758	3 
759	17 
760	17 
761	14 
762	13 
763	5 
764	17 
765	11 
766	12 
767	11 
768	11 
769	1 
770	17 
771	8 
772	19 
773	9 
774	8 
775	10 
776	5 
777	5 
778	17 
779	2 
780	7 
781	16 
782	4 
783	5 
784	7 
785	16 
786	6 
787	10 
788	5 
789	5 
790	5 
791	7 
792	6 
793	8 
794	5 
795	2 
796	1 
797	6 
798	19 
799	9 
800	16 
801	9 
802	19 
803	16 
804	6 
805	13 
806	6 
807	4 
808	5 
809	7 
810	9 
811	5 
812	17 
813	3 
814	9 
815	6 
816	18 
817	6 
818	1 
819	19 
820	3 
821	17 
822	11 
823	14 
824	9 
825	16 
826	18 
827	14 
828	11 
829	9 
830	18 
831	14 
832	11 
833	4 
834	5 
835	6 
836	17 
837	10 
838	4 
839	19 
840	9 
841	19 
842	7 
843	14 
844	19 
845	3 
846	9 
847	18 
848	4 
849	10 
850	10 
851	11 
852	5 
853	17 
854	3 
855	6 
856	13 
857	2 
858	5 
859	9 
860	14 
861	13 
862	10 
863	9 
864	2 
865	5 
866	16 
867	14 
868	11 
869	14 
870	10 
871	19 
872	13 
873	6 
874	17 
875	19 
876	14 
877	16 
878	16 
879	4 
880	9 
881	17 
882	10 
883	9 
884	13 
885	10 
886	18 
887	16 
888	9 
889	11 
890	9 
891	9 
892	17 
893	19 
894	16 
895	17 
896	5 
897	14 
898	13 
899	5 
900	17 
901	17 
902	6 
903	6 
904	8 
905	19 
906	19 
907	8 
908	6 
909	5 
910	4 
911	17 
912	5 
913	17 
914	11 
915	10 
916	19 
917	4 
918	5 
919	6 
920	17 
921	5 
922	4 
923	8 
924	16 
925	19 
926	16 
927	8 
928	4 
929	9 
930	14 
931	6 
932	6 
933	17 
934	6 
935	13 
936	13 
937	5 
938	6 
939	17 
940	16 
941	10 
942	19 
943	17 
944	2 
945	8 
946	5 
947	9 
948	5 
949	11 
950	5 
951	11 
952	11 
953	16 
954	2 
955	10 
956	10 
957	10 
958	6 
959	6 
960	5 
961	10 
962	14 
963	16 
964	16 
965	8 
966	2 
967	9 
968	5 
969	10 
970	14 
971	9 
972	14 
973	14 
974	9 
975	6 
976	10 
977	6 
978	14 
979	6 
980	17 
981	4 
982	11 
983	17 
984	11 
985	19 
986	4 
987	5 
988	2 
989	11 
990	9 
991	19 
992	19 
993	17 
994	5 
995	5 
996	16 
997	6 
998	14 
999	9 
1000	9 
