1	6 
2	17 
3	15 
4	12 
5	6 
6	12 
7	2 
8	12 
9	14 
10	2 
11	14 
12	12 
13	4 
14	5 
15	14 
16	17 
17	12 
18	6 
19	4 
20	5 
21	2 
22	7 
23	2 
24	4 
25	14 
26	17 
27	17 
28	10 
29	22 
30	2 
31	14 
32	2 
33	19 
34	14 
35	8 
36	9 
37	5 
38	6 
39	8 
40	16 
41	1 
42	17 
43	10 
44	9 
45	1 
46	14 
47	20 
48	14 
49	12 
50	11 
51	8 
52	21 
53	19 
54	21 
55	17 
56	6 
57	6 
58	17 
59	2 
60	19 
61	6 
62	14 
63	6 
64	15 
65	14 
66	10 
67	6 
68	7 
69	17 
70	17 
71	6 
72	6 
73	16 
74	7 
75	2 
76	9 
77	20 
78	9 
79	6 
80	3 
81	10 
82	4 
83	5 
84	17 
85	9 
86	12 
87	8 
88	7 
89	7 
90	14 
91	20 
92	6 
93	6 
94	13 
95	10 
96	11 
97	18 
98	17 
99	14 
100	14 
101	17 
102	4 
103	3 
104	4 
105	11 
106	6 
107	15 
108	19 
109	7 
110	13 
111	2 
112	2 
113	20 
114	17 
115	19 
116	4 
117	19 
118	3 
119	2 
120	8 
121	6 
122	2 
123	19 
124	5 
125	8 
126	12 
127	12 
128	22 
129	21 
130	20 
131	16 
132	6 
133	11 
134	19 
135	13 
136	12 
137	22 
138	20 
139	21 
140	5 
141	16 
142	5 
143	12 
144	7 
145	14 
146	3 
147	3 
148	6 
149	7 
150	16 
151	3 
152	1 
153	13 
154	6 
155	17 
156	14 
157	13 
158	8 
159	8 
160	6 
161	3 
162	8 
163	9 
164	7 
165	7 
166	7 
167	6 
168	4 
169	16 
170	7 
171	3 
172	21 
173	20 
174	19 
175	17 
176	17 
177	1 
178	6 
179	10 
180	6 
181	5 
182	17 
183	9 
184	3 
185	2 
186	17 
187	19 
188	18 
189	13 
190	17 
191	17 
192	11 
193	5 
194	15 
195	14 
196	17 
197	3 
198	19 
199	21 
200	12 
201	12 
202	2 
203	17 
204	1 
205	20 
206	18 
207	5 
208	7 
209	3 
210	11 
211	22 
212	13 
213	13 
214	16 
215	16 
216	2 
217	19 
218	5 
219	17 
220	3 
221	13 
222	18 
223	15 
224	18 
225	9 
226	18 
227	9 
228	14 
229	8 
230	17 
231	11 
232	17 
233	1 
234	8 
235	17 
236	19 
237	14 
238	17 
239	20 
240	18 
241	1 
242	21 
243	20 
244	15 
245	11 
246	7 
247	8 
248	6 
249	5 
250	12 
251	20 
252	15 
253	17 
254	19 
255	20 
256	13 
257	20 
258	14 
259	4 
260	2 
261	17 
262	1 
263	15 
264	13 
265	14 
266	14 
267	3 
268	21 
269	2 
270	6 
271	20 
272	17 
273	19 
274	21 
275	5 
276	5 
277	18 
278	9 
279	5 
280	20 
281	16 
282	19 
283	10 
284	19 
285	5 
286	18 
287	19 
288	22 
289	9 
290	13 
291	18 
292	4 
293	20 
294	22 
295	9 
296	13 
297	4 
298	15 
299	7 
300	3 
301	4 
302	7 
303	10 
304	20 
305	6 
306	3 
307	8 
308	13 
309	15 
310	2 
311	16 
312	18 
313	9 
314	3 
315	7 
316	4 
317	6 
318	7 
319	6 
320	3 
321	14 
322	3 
323	14 
324	21 
325	14 
326	5 
327	8 
328	14 
329	6 
330	6 
331	17 
332	10 
333	11 
334	19 
335	6 
336	20 
337	1 
338	7 
339	1 
340	14 
341	11 
342	9 
343	9 
344	20 
345	6 
346	19 
347	11 
348	1 
349	5 
350	20 
351	19 
352	6 
353	4 
354	8 
355	17 
356	6 
357	6 
358	13 
359	14 
360	7 
361	18 
362	21 
363	5 
364	15 
365	5 
366	4 
367	7 
368	13 
369	3 
370	6 
371	4 
372	17 
373	7 
374	19 
375	1 
376	13 
377	14 
378	14 
379	2 
380	5 
381	8 
382	16 
383	1 
384	6 
385	22 
386	19 
387	5 
388	12 
389	2 
390	6 
391	14 
392	6 
393	3 
394	19 
395	7 
396	13 
397	18 
398	8 
399	19 
400	22 
401	20 
402	4 
403	3 
404	11 
405	17 
406	6 
407	15 
408	3 
409	19 
410	17 
411	17 
412	22 
413	1 
414	4 
415	17 
416	14 
417	3 
418	16 
419	21 
420	19 
421	3 
422	19 
423	19 
424	14 
425	18 
426	7 
427	18 
428	3 
429	16 
430	18 
431	20 
432	10 
433	3 
434	7 
435	17 
436	15 
437	20 
438	10 
439	19 
440	4 
441	14 
442	14 
443	18 
444	5 
445	20 
446	20 
447	7 
448	13 
449	4 
450	18 
451	16 
452	20 
453	17 
454	19 
455	21 
456	20 
457	12 
458	1 
459	11 
460	14 
461	3 
462	19 
463	17 
464	18 
465	10 
466	6 
467	15 
468	1 
469	6 
470	7 
471	18 
472	18 
473	13 
474	20 
475	15 
476	8 
477	15 
478	21 
479	21 
480	21 
481	22 
482	15 
483	8 
484	1 
485	19 
486	7 
487	6 
488	13 
489	12 
490	3 
491	8 
492	15 
493	5 
494	16 
495	18 
496	5 
497	6 
498	17 
499	9 
500	5 
501	14 
502	19 
503	14 
504	9 
505	6 
506	1 
507	16 
508	2 
509	7 
510	6 
511	22 
512	10 
513	14 
514	19 
515	6 
516	20 
517	8 
518	14 
519	22 
520	1 
521	1 
522	19 
523	9 
524	1 
525	20 
526	13 
527	5 
528	17 
529	11 
530	7 
531	10 
532	8 
533	22 
534	10 
535	7 
536	3 
537	18 
538	8 
539	9 
540	7 
541	5 
542	7 
543	1 
544	11 
545	7 
546	5 
547	1 
548	5 
549	16 
550	1 
551	6 
552	18 
553	17 
554	13 
555	19 
556	2 
557	9 
558	7 
559	1 
560	8 
561	13 
562	9 
563	2 
564	5 
565	7 
566	22 
567	21 
568	14 
569	8 
570	19 
571	6 
572	2 
573	11 
574	10 
575	13 
576	5 
577	6 
578	14 
579	8 
580	11 
581	5 
582	19 
583	4 
584	8 
585	7 
586	22 
587	7 
588	12 
589	9 
590	6 
591	16 
592	7 
593	20 
594	3 
595	5 
596	6 
597	14 
598	15 
599	21 
600	17 
601	13 
602	18 
603	6 
604	7 
605	6 
606	5 
607	3 
608	5 
609	14 
610	5 
611	19 
612	9 
613	6 
614	19 
615	22 
616	12 
617	12 
618	17 
619	12 
620	13 
621	19 
622	16 
623	6 
624	6 
625	12 
626	18 
627	5 
628	7 
629	14 
630	8 
631	21 
632	6 
633	13 
634	18 
635	15 
636	2 
637	6 
638	7 
639	6 
640	11 
641	9 
642	7 
643	12 
644	17 
645	14 
646	10 
647	14 
648	1 
649	11 
650	16 
651	16 
652	7 
653	22 
654	9 
655	13 
656	6 
657	10 
658	21 
659	8 
660	13 
661	14 
662	14 
663	3 
664	19 
665	13 
666	2 
667	2 
668	19 
669	5 
670	20 
671	7 
672	7 
673	22 
674	14 
675	14 
676	10 
677	7 
678	13 
679	18 
680	12 
681	5 
682	7 
683	11 
684	22 
685	2 
686	1 
687	19 
688	6 
689	5 
690	20 
691	20 
692	9 
693	13 
694	4 
695	22 
696	22 
697	20 
698	14 
699	2 
700	12 
701	21 
702	17 
703	10 
704	12 
705	15 
706	7 
707	5 
708	16 
709	8 
710	17 
711	16 
712	19 
713	10 
714	14 
715	10 
716	17 
717	18 
718	10 
719	5 
720	18 
721	21 
722	17 
723	14 
724	11 
725	5 
726	9 
727	14 
728	16 
729	21 
730	15 
731	7 
732	20 
733	16 
734	4 
735	3 
736	9 
737	6 
738	19 
739	1 
740	20 
741	19 
742	21 
743	14 
744	2 
745	5 
746	12 
747	17 
748	11 
749	5 
750	9 
751	6 
752	14 
753	17 
754	5 
755	11 
756	8 
757	10 
758	20 
759	18 
760	9 
761	13 
762	14 
763	13 
764	6 
765	18 
766	16 
767	18 
768	12 
769	20 
770	1 
771	1 
772	6 
773	12 
774	10 
775	14 
776	2 
777	13 
778	9 
779	17 
780	17 
781	20 
782	1 
783	20 
784	2 
785	14 
786	7 
787	14 
788	19 
789	6 
790	21 
791	11 
792	8 
793	20 
794	12 
795	17 
796	12 
797	6 
798	20 
799	14 
800	3 
801	14 
802	11 
803	9 
804	17 
805	6 
806	18 
807	5 
808	18 
809	17 
810	17 
811	12 
812	8 
813	14 
814	21 
815	6 
816	2 
817	11 
818	6 
819	17 
820	9 
821	19 
822	6 
823	12 
824	2 
825	2 
826	12 
827	1 
828	21 
829	7 
830	5 
831	12 
832	6 
833	5 
834	21 
835	1 
836	18 
837	20 
838	2 
839	11 
840	11 
841	6 
842	19 
843	17 
844	14 
845	6 
846	7 
847	3 
848	6 
849	7 
850	6 
851	6 
852	17 
853	14 
854	13 
855	7 
856	17 
857	11 
858	7 
859	17 
860	5 
861	19 
862	5 
863	19 
864	19 
865	3 
866	13 
867	7 
868	11 
869	1 
870	14 
871	20 
872	14 
873	9 
874	3 
875	3 
876	7 
877	6 
878	8 
879	6 
880	18 
881	8 
882	8 
883	17 
884	6 
885	7 
886	8 
887	9 
888	6 
889	7 
890	14 
891	14 
892	6 
893	12 
894	14 
895	12 
896	18 
897	7 
898	14 
899	13 
900	6 
901	14 
902	18 
903	7 
904	17 
905	14 
906	6 
907	5 
908	20 
909	9 
910	17 
911	6 
912	6 
913	12 
914	3 
915	12 
916	3 
917	18 
918	7 
919	20 
920	6 
921	14 
922	18 
923	14 
924	2 
925	9 
926	20 
927	14 
928	17 
929	14 
930	9 
931	7 
932	19 
933	6 
934	3 
935	6 
936	19 
937	3 
938	9 
939	17 
940	18 
941	3 
942	8 
943	19 
944	7 
945	14 
946	18 
947	14 
948	18 
949	14 
950	7 
951	13 
952	17 
953	3 
954	5 
955	6 
956	19 
957	8 
958	14 
959	18 
960	3 
961	19 
962	14 
963	6 
964	6 
965	18 
966	3 
967	7 
968	18 
969	6 
970	19 
971	17 
972	17 
973	7 
974	18 
975	17 
976	17 
977	5 
978	7 
979	7 
980	18 
981	6 
982	20 
983	7 
984	19 
985	18 
986	3 
987	5 
988	20 
989	17 
990	18 
991	3 
992	14 
993	17 
994	14 
995	17 
996	6 
997	3 
998	3 
999	18 
1000	20 
