1	1 
2	1 
3	15 
4	20 
5	9 
6	15 
7	13 
8	6 
9	11 
10	8 
11	15 
12	9 
13	10 
14	15 
15	3 
16	20 
17	3 
18	10 
19	5 
20	13 
21	2 
22	8 
23	22 
24	9 
25	21 
26	22 
27	13 
28	11 
29	3 
30	15 
31	15 
32	23 
33	20 
34	17 
35	17 
36	12 
37	11 
38	18 
39	3 
40	8 
41	12 
42	23 
43	14 
44	8 
45	6 
46	7 
47	11 
48	17 
49	10 
50	10 
51	12 
52	13 
53	14 
54	17 
55	15 
56	9 
57	3 
58	11 
59	3 
60	3 
61	16 
62	16 
63	3 
64	6 
65	5 
66	7 
67	21 
68	18 
69	3 
70	22 
71	21 
72	12 
73	13 
74	5 
75	23 
76	14 
77	19 
78	13 
79	19 
80	23 
81	5 
82	3 
83	4 
84	19 
85	20 
86	20 
87	21 
88	13 
89	21 
90	7 
91	18 
92	3 
93	20 
94	17 
95	15 
96	14 
97	23 
98	3 
99	15 
100	7 
101	17 
102	7 
103	5 
104	17 
105	9 
106	4 
107	10 
108	2 
109	7 
110	1 
111	3 
112	10 
113	14 
114	23 
115	17 
116	6 
117	8 
118	20 
119	9 
120	3 
121	6 
122	8 
123	20 
124	22 
125	22 
126	3 
127	2 
128	13 
129	23 
130	22 
131	4 
132	17 
133	3 
134	3 
135	5 
136	14 
137	17 
138	19 
139	13 
140	4 
141	10 
142	13 
143	6 
144	1 
145	20 
146	18 
147	3 
148	12 
149	5 
150	11 
151	1 
152	16 
153	13 
154	18 
155	23 
156	23 
157	12 
158	23 
159	10 
160	8 
161	16 
162	16 
163	14 
164	13 
165	12 
166	6 
167	1 
168	20 
169	16 
170	22 
171	10 
172	3 
173	6 
174	21 
175	14 
176	3 
177	13 
178	15 
179	21 
180	19 
181	6 
182	4 
183	10 
184	9 
185	4 
186	16 
187	3 
188	13 
189	14 
190	13 
191	11 
192	21 
193	6 
194	17 
195	10 
196	13 
197	13 
198	13 
199	3 
200	15 
201	1 
202	18 
203	15 
204	18 
205	3 
206	21 
207	16 
208	22 
209	12 
210	16 
211	18 
212	3 
213	4 
214	13 
215	13 
216	2 
217	3 
218	2 
219	22 
220	4 
221	23 
222	13 
223	20 
224	13 
225	6 
226	16 
227	20 
228	15 
229	12 
230	13 
231	13 
232	6 
233	23 
234	19 
235	2 
236	3 
237	3 
238	7 
239	12 
240	15 
241	23 
242	21 
243	22 
244	13 
245	23 
246	1 
247	21 
248	21 
249	6 
250	2 
251	8 
252	17 
253	13 
254	21 
255	20 
256	18 
257	22 
258	3 
259	9 
260	4 
261	22 
262	18 
263	2 
264	17 
265	6 
266	4 
267	18 
268	21 
269	23 
270	14 
271	6 
272	7 
273	15 
274	13 
275	19 
276	22 
277	10 
278	15 
279	13 
280	9 
281	22 
282	13 
283	18 
284	21 
285	18 
286	1 
287	8 
288	4 
289	2 
290	15 
291	21 
292	14 
293	9 
294	17 
295	8 
296	13 
297	5 
298	7 
299	14 
300	11 
301	3 
302	10 
303	22 
304	21 
305	18 
306	23 
307	22 
308	6 
309	2 
310	22 
311	13 
312	13 
313	2 
314	13 
315	20 
316	15 
317	5 
318	17 
319	2 
320	21 
321	1 
322	3 
323	3 
324	18 
325	13 
326	21 
327	21 
328	22 
329	10 
330	9 
331	3 
332	13 
333	21 
334	8 
335	2 
336	3 
337	12 
338	8 
339	4 
340	17 
341	5 
342	17 
343	13 
344	5 
345	12 
346	4 
347	17 
348	4 
349	22 
350	8 
351	12 
352	4 
353	20 
354	17 
355	13 
356	17 
357	3 
358	5 
359	3 
360	9 
361	4 
362	20 
363	9 
364	14 
365	21 
366	14 
367	1 
368	12 
369	1 
370	11 
371	21 
372	3 
373	21 
374	6 
375	15 
376	15 
377	9 
378	18 
379	23 
380	9 
381	23 
382	14 
383	20 
384	18 
385	21 
386	20 
387	6 
388	7 
389	13 
390	11 
391	13 
392	1 
393	3 
394	9 
395	21 
396	16 
397	21 
398	13 
399	14 
400	14 
401	5 
402	21 
403	10 
404	21 
405	6 
406	13 
407	7 
408	9 
409	17 
410	20 
411	5 
412	3 
413	18 
414	19 
415	13 
416	1 
417	6 
418	20 
419	3 
420	23 
421	13 
422	10 
423	9 
424	12 
425	1 
426	5 
427	23 
428	16 
429	18 
430	11 
431	18 
432	20 
433	8 
434	3 
435	2 
436	8 
437	4 
438	3 
439	17 
440	16 
441	21 
442	6 
443	8 
444	7 
445	20 
446	9 
447	8 
448	9 
449	4 
450	17 
451	21 
452	8 
453	1 
454	2 
455	16 
456	10 
457	17 
458	14 
459	3 
460	23 
461	6 
462	19 
463	17 
464	17 
465	11 
466	22 
467	13 
468	22 
469	14 
470	13 
471	13 
472	16 
473	2 
474	9 
475	1 
476	6 
477	19 
478	3 
479	14 
480	11 
481	11 
482	16 
483	11 
484	20 
485	12 
486	8 
487	14 
488	2 
489	17 
490	16 
491	4 
492	13 
493	15 
494	11 
495	6 
496	22 
497	12 
498	11 
499	14 
500	9 
501	13 
502	8 
503	5 
504	8 
505	6 
506	21 
507	3 
508	1 
509	10 
510	18 
511	23 
512	6 
513	23 
514	12 
515	6 
516	15 
517	13 
518	21 
519	8 
520	8 
521	16 
522	18 
523	11 
524	2 
525	3 
526	16 
527	7 
528	21 
529	3 
530	11 
531	4 
532	15 
533	17 
534	12 
535	10 
536	17 
537	22 
538	16 
539	3 
540	13 
541	21 
542	20 
543	14 
544	13 
545	22 
546	16 
547	18 
548	17 
549	15 
550	16 
551	19 
552	11 
553	6 
554	13 
555	7 
556	21 
557	3 
558	22 
559	12 
560	10 
561	17 
562	20 
563	20 
564	8 
565	15 
566	17 
567	21 
568	12 
569	16 
570	12 
571	14 
572	17 
573	1 
574	2 
575	4 
576	10 
577	23 
578	7 
579	3 
580	5 
581	21 
582	13 
583	17 
584	14 
585	17 
586	13 
587	14 
588	7 
589	17 
590	23 
591	6 
592	21 
593	20 
594	21 
595	4 
596	15 
597	14 
598	5 
599	3 
600	2 
601	7 
602	21 
603	19 
604	21 
605	2 
606	22 
607	23 
608	17 
609	19 
610	6 
611	16 
612	7 
613	9 
614	3 
615	1 
616	14 
617	2 
618	18 
619	4 
620	10 
621	18 
622	17 
623	6 
624	23 
625	17 
626	15 
627	15 
628	12 
629	9 
630	13 
631	13 
632	4 
633	8 
634	13 
635	13 
636	6 
637	13 
638	14 
639	13 
640	19 
641	23 
642	22 
643	20 
644	2 
645	1 
646	15 
647	14 
648	18 
649	17 
650	19 
651	20 
652	9 
653	5 
654	11 
655	3 
656	19 
657	13 
658	23 
659	13 
660	14 
661	23 
662	21 
663	5 
664	17 
665	3 
666	16 
667	22 
668	6 
669	5 
670	6 
671	10 
672	12 
673	8 
674	7 
675	1 
676	19 
677	3 
678	21 
679	20 
680	16 
681	7 
682	12 
683	14 
684	21 
685	17 
686	9 
687	19 
688	14 
689	8 
690	19 
691	17 
692	3 
693	22 
694	11 
695	16 
696	2 
697	20 
698	17 
699	7 
700	9 
701	17 
702	19 
703	6 
704	12 
705	22 
706	10 
707	15 
708	14 
709	12 
710	19 
711	21 
712	10 
713	2 
714	12 
715	7 
716	23 
717	21 
718	18 
719	12 
720	22 
721	12 
722	20 
723	17 
724	18 
725	20 
726	13 
727	6 
728	3 
729	9 
730	20 
731	17 
732	13 
733	23 
734	20 
735	14 
736	13 
737	17 
738	22 
739	18 
740	19 
741	9 
742	6 
743	1 
744	22 
745	13 
746	20 
747	15 
748	7 
749	17 
750	2 
751	6 
752	17 
753	3 
754	6 
755	13 
756	8 
757	23 
758	3 
759	13 
760	17 
761	17 
762	7 
763	20 
764	4 
765	15 
766	17 
767	19 
768	19 
769	17 
770	20 
771	22 
772	16 
773	21 
774	7 
775	13 
776	21 
777	2 
778	12 
779	21 
780	23 
781	22 
782	12 
783	21 
784	15 
785	6 
786	19 
787	23 
788	14 
789	22 
790	8 
791	19 
792	23 
793	18 
794	12 
795	6 
796	22 
797	3 
798	3 
799	22 
800	17 
801	8 
802	18 
803	18 
804	3 
805	4 
806	9 
807	12 
808	9 
809	18 
810	9 
811	18 
812	15 
813	21 
814	10 
815	17 
816	3 
817	13 
818	18 
819	17 
820	21 
821	2 
822	15 
823	15 
824	23 
825	2 
826	10 
827	14 
828	23 
829	8 
830	6 
831	17 
832	3 
833	10 
834	22 
835	13 
836	23 
837	13 
838	3 
839	3 
840	13 
841	23 
842	18 
843	13 
844	3 
845	13 
846	23 
847	6 
848	20 
849	12 
850	8 
851	21 
852	21 
853	13 
854	13 
855	21 
856	12 
857	8 
858	22 
859	15 
860	18 
861	9 
862	17 
863	6 
864	15 
865	3 
866	14 
867	13 
868	3 
869	10 
870	9 
871	22 
872	12 
873	3 
874	13 
875	21 
876	6 
877	23 
878	14 
879	8 
880	17 
881	14 
882	3 
883	23 
884	3 
885	21 
886	13 
887	12 
888	6 
889	3 
890	9 
891	22 
892	13 
893	15 
894	13 
895	15 
896	13 
897	3 
898	13 
899	22 
900	6 
901	15 
902	6 
903	12 
904	21 
905	6 
906	13 
907	13 
908	6 
909	13 
910	20 
911	17 
912	20 
913	8 
914	15 
915	3 
916	22 
917	14 
918	22 
919	6 
920	21 
921	3 
922	20 
923	13 
924	18 
925	21 
926	3 
927	14 
928	18 
929	12 
930	14 
931	17 
932	3 
933	6 
934	6 
935	17 
936	22 
937	18 
938	13 
939	18 
940	20 
941	21 
942	20 
943	21 
944	12 
945	13 
946	3 
947	13 
948	13 
949	13 
950	3 
951	12 
952	6 
953	12 
954	14 
955	13 
956	17 
957	20 
958	12 
959	3 
960	23 
961	13 
962	6 
963	17 
964	23 
965	17 
966	13 
967	12 
968	22 
969	17 
970	3 
971	18 
972	21 
973	21 
974	18 
975	22 
976	3 
977	3 
978	15 
979	12 
980	21 
981	12 
982	17 
983	13 
984	6 
985	21 
986	13 
987	6 
988	13 
989	6 
990	3 
991	23 
992	23 
993	3 
994	12 
995	23 
996	22 
997	6 
998	3 
999	3 
1000	17 
