1	9 
2	11 
3	5 
4	15 
5	9 
6	4 
7	19 
8	9 
9	20 
10	17 
11	13 
12	14 
13	4 
14	20 
15	4 
16	12 
17	11 
18	12 
19	4 
20	1 
21	15 
22	11 
23	19 
24	5 
25	10 
26	8 
27	1 
28	15 
29	1 
30	16 
31	1 
32	1 
33	17 
34	15 
35	20 
36	8 
37	4 
38	21 
39	21 
40	12 
41	3 
42	14 
43	18 
44	8 
45	12 
46	3 
47	12 
48	14 
49	21 
50	14 
51	9 
52	20 
53	4 
54	14 
55	4 
56	19 
57	8 
58	7 
59	4 
60	9 
61	19 
62	14 
63	11 
64	10 
65	17 
66	16 
67	2 
68	2 
69	12 
70	9 
71	1 
72	9 
73	13 
74	10 
75	4 
76	12 
77	9 
78	4 
79	21 
80	8 
81	12 
82	15 
83	3 
84	7 
85	7 
86	11 
87	19 
88	21 
89	5 
90	2 
91	9 
92	10 
93	12 
94	15 
95	8 
96	12 
97	17 
98	1 
99	12 
100	9 
101	12 
102	2 
103	5 
104	21 
105	14 
106	4 
107	17 
108	9 
109	20 
110	8 
111	13 
112	10 
113	17 
114	17 
115	17 
116	8 
117	12 
118	1 
119	2 
120	4 
121	17 
122	1 
123	12 
124	3 
125	5 
126	17 
127	17 
128	9 
129	21 
130	17 
131	16 
132	21 
133	12 
134	13 
135	15 
136	17 
137	14 
138	9 
139	20 
140	12 
141	16 
142	5 
143	6 
144	21 
145	12 
146	17 
147	14 
148	1 
149	12 
150	4 
151	4 
152	8 
153	19 
154	9 
155	4 
156	12 
157	18 
158	19 
159	14 
160	13 
161	21 
162	4 
163	20 
164	5 
165	17 
166	14 
167	11 
168	14 
169	4 
170	4 
171	8 
172	14 
173	2 
174	4 
175	12 
176	16 
177	17 
178	1 
179	11 
180	14 
181	17 
182	9 
183	12 
184	6 
185	21 
186	19 
187	16 
188	21 
189	7 
190	14 
191	9 
192	13 
193	9 
194	1 
195	15 
196	20 
197	19 
198	8 
199	20 
200	13 
201	9 
202	1 
203	5 
204	16 
205	1 
206	6 
207	8 
208	20 
209	5 
210	19 
211	5 
212	9 
213	9 
214	21 
215	15 
216	17 
217	12 
218	4 
219	7 
220	14 
221	17 
222	13 
223	12 
224	9 
225	17 
226	4 
227	8 
228	19 
229	17 
230	5 
231	12 
232	8 
233	19 
234	2 
235	15 
236	7 
237	17 
238	14 
239	9 
240	9 
241	2 
242	16 
243	20 
244	19 
245	7 
246	5 
247	14 
248	6 
249	12 
250	1 
251	17 
252	9 
253	8 
254	5 
255	14 
256	16 
257	7 
258	17 
259	4 
260	15 
261	8 
262	15 
263	14 
264	13 
265	14 
266	4 
267	6 
268	18 
269	10 
270	4 
271	11 
272	8 
273	12 
274	13 
275	14 
276	2 
277	4 
278	11 
279	19 
280	12 
281	18 
282	3 
283	17 
284	6 
285	14 
286	9 
287	7 
288	17 
289	8 
290	6 
291	12 
292	14 
293	9 
294	15 
295	4 
296	7 
297	1 
298	8 
299	18 
300	15 
301	19 
302	5 
303	5 
304	14 
305	15 
306	3 
307	6 
308	17 
309	3 
310	12 
311	8 
312	5 
313	13 
314	4 
315	13 
316	17 
317	14 
318	9 
319	17 
320	3 
321	8 
322	14 
323	9 
324	15 
325	12 
326	12 
327	21 
328	18 
329	13 
330	11 
331	8 
332	9 
333	17 
334	12 
335	11 
336	8 
337	12 
338	4 
339	10 
340	13 
341	12 
342	15 
343	18 
344	8 
345	9 
346	18 
347	10 
348	13 
349	15 
350	8 
351	6 
352	10 
353	17 
354	21 
355	12 
356	14 
357	17 
358	4 
359	1 
360	18 
361	3 
362	18 
363	15 
364	11 
365	20 
366	1 
367	18 
368	21 
369	15 
370	3 
371	12 
372	3 
373	4 
374	21 
375	14 
376	1 
377	15 
378	14 
379	3 
380	19 
381	21 
382	10 
383	6 
384	16 
385	2 
386	15 
387	20 
388	17 
389	21 
390	14 
391	16 
392	4 
393	1 
394	13 
395	14 
396	9 
397	14 
398	4 
399	11 
400	6 
401	2 
402	10 
403	7 
404	4 
405	11 
406	5 
407	6 
408	3 
409	10 
410	16 
411	17 
412	12 
413	17 
414	5 
415	2 
416	7 
417	14 
418	2 
419	9 
420	12 
421	12 
422	19 
423	4 
424	1 
425	13 
426	13 
427	11 
428	9 
429	8 
430	9 
431	13 
432	10 
433	8 
434	2 
435	12 
436	15 
437	3 
438	3 
439	6 
440	17 
441	1 
442	15 
443	8 
444	10 
445	16 
446	2 
447	17 
448	11 
449	14 
450	9 
451	7 
452	20 
453	19 
454	18 
455	12 
456	8 
457	5 
458	9 
459	13 
460	17 
461	12 
462	19 
463	14 
464	14 
465	13 
466	14 
467	17 
468	11 
469	5 
470	14 
471	18 
472	19 
473	19 
474	1 
475	4 
476	4 
477	8 
478	10 
479	14 
480	8 
481	4 
482	4 
483	12 
484	16 
485	14 
486	21 
487	10 
488	3 
489	13 
490	1 
491	14 
492	12 
493	17 
494	14 
495	12 
496	19 
497	14 
498	6 
499	13 
500	13 
501	9 
502	12 
503	9 
504	8 
505	21 
506	13 
507	9 
508	19 
509	7 
510	14 
511	12 
512	13 
513	17 
514	2 
515	2 
516	20 
517	20 
518	2 
519	16 
520	2 
521	17 
522	4 
523	12 
524	11 
525	18 
526	14 
527	14 
528	21 
529	10 
530	21 
531	16 
532	4 
533	7 
534	9 
535	21 
536	1 
537	7 
538	17 
539	12 
540	12 
541	14 
542	10 
543	9 
544	21 
545	2 
546	20 
547	4 
548	20 
549	14 
550	5 
551	3 
552	11 
553	8 
554	10 
555	8 
556	14 
557	4 
558	9 
559	9 
560	9 
561	4 
562	4 
563	20 
564	13 
565	15 
566	3 
567	15 
568	13 
569	18 
570	13 
571	11 
572	8 
573	14 
574	12 
575	14 
576	17 
577	14 
578	18 
579	7 
580	4 
581	17 
582	11 
583	14 
584	2 
585	21 
586	21 
587	12 
588	1 
589	20 
590	1 
591	10 
592	8 
593	8 
594	12 
595	12 
596	14 
597	17 
598	9 
599	21 
600	12 
601	16 
602	1 
603	19 
604	6 
605	16 
606	10 
607	20 
608	8 
609	21 
610	21 
611	7 
612	12 
613	4 
614	4 
615	1 
616	19 
617	19 
618	4 
619	3 
620	12 
621	12 
622	12 
623	16 
624	1 
625	6 
626	14 
627	5 
628	15 
629	9 
630	17 
631	14 
632	17 
633	14 
634	18 
635	20 
636	8 
637	16 
638	15 
639	21 
640	15 
641	14 
642	18 
643	14 
644	2 
645	12 
646	21 
647	10 
648	21 
649	4 
650	7 
651	18 
652	13 
653	19 
654	3 
655	12 
656	3 
657	14 
658	8 
659	4 
660	13 
661	12 
662	14 
663	1 
664	19 
665	13 
666	21 
667	10 
668	4 
669	19 
670	1 
671	11 
672	9 
673	4 
674	6 
675	13 
676	8 
677	14 
678	8 
679	4 
680	5 
681	6 
682	21 
683	5 
684	9 
685	18 
686	21 
687	17 
688	6 
689	21 
690	8 
691	6 
692	16 
693	5 
694	12 
695	7 
696	3 
697	12 
698	11 
699	5 
700	17 
701	18 
702	7 
703	14 
704	3 
705	4 
706	1 
707	5 
708	17 
709	21 
710	6 
711	12 
712	14 
713	16 
714	12 
715	21 
716	13 
717	9 
718	19 
719	15 
720	8 
721	6 
722	7 
723	3 
724	17 
725	13 
726	14 
727	18 
728	17 
729	18 
730	12 
731	1 
732	7 
733	12 
734	9 
735	4 
736	14 
737	16 
738	8 
739	2 
740	4 
741	12 
742	10 
743	18 
744	10 
745	17 
746	14 
747	4 
748	17 
749	9 
750	19 
751	19 
752	17 
753	19 
754	21 
755	12 
756	8 
757	19 
758	19 
759	18 
760	6 
761	21 
762	11 
763	6 
764	15 
765	12 
766	1 
767	17 
768	14 
769	15 
770	8 
771	14 
772	4 
773	9 
774	7 
775	6 
776	1 
777	17 
778	15 
779	9 
780	17 
781	15 
782	15 
783	7 
784	10 
785	1 
786	17 
787	6 
788	12 
789	10 
790	14 
791	21 
792	8 
793	15 
794	1 
795	11 
796	4 
797	8 
798	6 
799	12 
800	11 
801	17 
802	8 
803	12 
804	9 
805	15 
806	4 
807	15 
808	4 
809	14 
810	19 
811	4 
812	17 
813	13 
814	15 
815	17 
816	4 
817	14 
818	8 
819	14 
820	9 
821	1 
822	14 
823	14 
824	17 
825	14 
826	14 
827	13 
828	14 
829	21 
830	21 
831	9 
832	1 
833	4 
834	17 
835	13 
836	1 
837	17 
838	17 
839	14 
840	14 
841	14 
842	15 
843	13 
844	8 
845	1 
846	1 
847	17 
848	8 
849	19 
850	21 
851	17 
852	17 
853	1 
854	1 
855	10 
856	8 
857	1 
858	14 
859	4 
860	8 
861	1 
862	12 
863	12 
864	21 
865	4 
866	17 
867	12 
868	19 
869	17 
870	4 
871	9 
872	17 
873	17 
874	21 
875	14 
876	9 
877	15 
878	12 
879	17 
880	14 
881	15 
882	9 
883	4 
884	15 
885	21 
886	21 
887	1 
888	9 
889	21 
890	12 
891	8 
892	9 
893	17 
894	17 
895	14 
896	9 
897	21 
898	21 
899	13 
900	21 
901	14 
902	14 
903	1 
904	9 
905	4 
906	8 
907	9 
908	14 
909	14 
910	1 
911	9 
912	12 
913	19 
914	21 
915	8 
916	15 
917	4 
918	1 
919	21 
920	13 
921	21 
922	17 
923	1 
924	14 
925	9 
926	4 
927	9 
928	1 
929	1 
930	4 
931	4 
932	19 
933	4 
934	15 
935	13 
936	14 
937	13 
938	17 
939	19 
940	14 
941	14 
942	13 
943	19 
944	15 
945	15 
946	21 
947	17 
948	9 
949	1 
950	17 
951	14 
952	12 
953	9 
954	9 
955	8 
956	8 
957	14 
958	1 
959	9 
960	1 
961	15 
962	15 
963	21 
964	4 
965	9 
966	14 
967	14 
968	9 
969	9 
970	12 
971	9 
972	9 
973	19 
974	12 
975	21 
976	4 
977	1 
978	15 
979	13 
980	13 
981	15 
982	4 
983	4 
984	15 
985	12 
986	12 
987	19 
988	14 
989	12 
990	8 
991	14 
992	13 
993	1 
994	21 
995	17 
996	12 
997	13 
998	4 
999	12 
1000	12 
