1	3 
2	23 
3	12 
4	2 
5	3 
6	10 
7	3 
8	16 
9	5 
10	11 
11	16 
12	6 
13	26 
14	20 
15	4 
16	3 
17	16 
18	20 
19	9 
20	23 
21	13 
22	12 
23	17 
24	4 
25	3 
26	15 
27	22 
28	19 
29	16 
30	12 
31	3 
32	6 
33	19 
34	1 
35	6 
36	27 
37	17 
38	15 
39	24 
40	21 
41	4 
42	4 
43	7 
44	19 
45	3 
46	14 
47	26 
48	7 
49	7 
50	6 
51	9 
52	10 
53	8 
54	2 
55	23 
56	5 
57	9 
58	20 
59	25 
60	27 
61	10 
62	20 
63	18 
64	7 
65	20 
66	20 
67	23 
68	25 
69	14 
70	17 
71	16 
72	19 
73	22 
74	2 
75	17 
76	10 
77	27 
78	18 
79	24 
80	21 
81	25 
82	20 
83	20 
84	15 
85	2 
86	1 
87	8 
88	9 
89	9 
90	15 
91	13 
92	24 
93	9 
94	26 
95	10 
96	7 
97	25 
98	1 
99	25 
100	23 
101	6 
102	20 
103	2 
104	20 
105	21 
106	11 
107	23 
108	7 
109	3 
110	10 
111	15 
112	12 
113	4 
114	5 
115	4 
116	10 
117	2 
118	2 
119	3 
120	7 
121	5 
122	23 
123	3 
124	21 
125	25 
126	21 
127	9 
128	26 
129	12 
130	27 
131	6 
132	15 
133	13 
134	20 
135	4 
136	10 
137	2 
138	27 
139	22 
140	24 
141	9 
142	18 
143	10 
144	12 
145	10 
146	14 
147	7 
148	12 
149	21 
150	17 
151	25 
152	4 
153	20 
154	7 
155	3 
156	3 
157	13 
158	4 
159	8 
160	25 
161	19 
162	12 
163	20 
164	1 
165	8 
166	17 
167	20 
168	11 
169	19 
170	4 
171	3 
172	18 
173	3 
174	10 
175	4 
176	16 
177	22 
178	9 
179	20 
180	6 
181	13 
182	18 
183	19 
184	9 
185	7 
186	7 
187	24 
188	13 
189	8 
190	9 
191	9 
192	11 
193	20 
194	24 
195	27 
196	8 
197	8 
198	20 
199	23 
200	18 
201	23 
202	14 
203	16 
204	3 
205	22 
206	9 
207	14 
208	16 
209	23 
210	5 
211	4 
212	3 
213	10 
214	19 
215	24 
216	13 
217	9 
218	27 
219	17 
220	26 
221	5 
222	20 
223	18 
224	14 
225	14 
226	2 
227	4 
228	4 
229	24 
230	10 
231	5 
232	20 
233	27 
234	8 
235	4 
236	16 
237	27 
238	1 
239	18 
240	3 
241	20 
242	4 
243	16 
244	5 
245	25 
246	25 
247	23 
248	15 
249	4 
250	6 
251	8 
252	8 
253	18 
254	11 
255	12 
256	19 
257	3 
258	12 
259	20 
260	15 
261	23 
262	18 
263	8 
264	12 
265	8 
266	16 
267	1 
268	23 
269	8 
270	3 
271	5 
272	7 
273	24 
274	7 
275	12 
276	13 
277	4 
278	7 
279	16 
280	9 
281	1 
282	1 
283	4 
284	7 
285	7 
286	10 
287	22 
288	26 
289	22 
290	9 
291	7 
292	17 
293	19 
294	9 
295	9 
296	8 
297	19 
298	11 
299	21 
300	17 
301	26 
302	10 
303	18 
304	7 
305	9 
306	5 
307	3 
308	15 
309	8 
310	1 
311	6 
312	3 
313	17 
314	9 
315	9 
316	25 
317	14 
318	24 
319	23 
320	25 
321	18 
322	3 
323	8 
324	15 
325	1 
326	25 
327	16 
328	13 
329	7 
330	26 
331	8 
332	20 
333	21 
334	26 
335	9 
336	3 
337	17 
338	1 
339	5 
340	14 
341	10 
342	23 
343	12 
344	23 
345	17 
346	10 
347	19 
348	19 
349	10 
350	2 
351	5 
352	21 
353	14 
354	15 
355	3 
356	5 
357	11 
358	26 
359	6 
360	26 
361	12 
362	3 
363	7 
364	2 
365	13 
366	22 
367	25 
368	3 
369	8 
370	11 
371	8 
372	9 
373	21 
374	3 
375	24 
376	9 
377	17 
378	8 
379	26 
380	22 
381	9 
382	14 
383	16 
384	1 
385	24 
386	10 
387	12 
388	3 
389	15 
390	14 
391	16 
392	11 
393	11 
394	27 
395	6 
396	13 
397	14 
398	23 
399	5 
400	6 
401	5 
402	9 
403	2 
404	2 
405	20 
406	4 
407	21 
408	3 
409	25 
410	12 
411	7 
412	23 
413	4 
414	20 
415	5 
416	16 
417	5 
418	24 
419	25 
420	21 
421	10 
422	15 
423	14 
424	27 
425	5 
426	24 
427	24 
428	3 
429	7 
430	23 
431	4 
432	22 
433	20 
434	20 
435	6 
436	5 
437	24 
438	12 
439	13 
440	21 
441	26 
442	19 
443	24 
444	25 
445	25 
446	10 
447	4 
448	20 
449	6 
450	4 
451	20 
452	15 
453	15 
454	27 
455	27 
456	3 
457	11 
458	12 
459	4 
460	19 
461	18 
462	13 
463	3 
464	13 
465	23 
466	5 
467	9 
468	7 
469	9 
470	20 
471	4 
472	4 
473	27 
474	1 
475	9 
476	18 
477	7 
478	4 
479	11 
480	21 
481	3 
482	12 
483	8 
484	4 
485	14 
486	21 
487	13 
488	8 
489	14 
490	21 
491	4 
492	4 
493	10 
494	3 
495	4 
496	4 
497	3 
498	1 
499	17 
500	4 
501	1 
502	20 
503	14 
504	8 
505	13 
506	13 
507	5 
508	1 
509	7 
510	8 
511	17 
512	19 
513	23 
514	16 
515	20 
516	19 
517	7 
518	15 
519	4 
520	4 
521	4 
522	4 
523	21 
524	11 
525	26 
526	7 
527	10 
528	21 
529	22 
530	17 
531	20 
532	23 
533	14 
534	4 
535	22 
536	12 
537	12 
538	8 
539	1 
540	7 
541	10 
542	9 
543	9 
544	12 
545	2 
546	26 
547	26 
548	7 
549	6 
550	1 
551	19 
552	19 
553	22 
554	26 
555	21 
556	8 
557	15 
558	4 
559	6 
560	13 
561	9 
562	18 
563	18 
564	7 
565	11 
566	3 
567	4 
568	12 
569	27 
570	15 
571	12 
572	4 
573	18 
574	19 
575	27 
576	3 
577	12 
578	19 
579	12 
580	12 
581	12 
582	10 
583	18 
584	22 
585	1 
586	27 
587	10 
588	2 
589	4 
590	3 
591	19 
592	20 
593	16 
594	16 
595	6 
596	22 
597	20 
598	3 
599	14 
600	17 
601	15 
602	6 
603	4 
604	14 
605	19 
606	10 
607	3 
608	10 
609	20 
610	26 
611	2 
612	21 
613	20 
614	26 
615	24 
616	18 
617	14 
618	2 
619	13 
620	14 
621	24 
622	8 
623	5 
624	3 
625	23 
626	27 
627	10 
628	8 
629	9 
630	7 
631	11 
632	20 
633	2 
634	7 
635	11 
636	12 
637	4 
638	12 
639	4 
640	11 
641	3 
642	18 
643	18 
644	15 
645	7 
646	2 
647	18 
648	26 
649	13 
650	13 
651	22 
652	15 
653	3 
654	9 
655	16 
656	8 
657	27 
658	4 
659	17 
660	6 
661	23 
662	22 
663	22 
664	17 
665	10 
666	9 
667	9 
668	14 
669	27 
670	6 
671	13 
672	21 
673	1 
674	19 
675	10 
676	4 
677	10 
678	3 
679	10 
680	4 
681	19 
682	17 
683	11 
684	6 
685	8 
686	3 
687	10 
688	14 
689	12 
690	6 
691	10 
692	9 
693	25 
694	20 
695	20 
696	11 
697	6 
698	26 
699	19 
700	27 
701	27 
702	11 
703	4 
704	21 
705	5 
706	14 
707	9 
708	21 
709	12 
710	4 
711	4 
712	18 
713	8 
714	27 
715	9 
716	8 
717	1 
718	9 
719	17 
720	7 
721	4 
722	9 
723	27 
724	8 
725	21 
726	17 
727	8 
728	25 
729	27 
730	20 
731	4 
732	10 
733	11 
734	20 
735	24 
736	5 
737	26 
738	26 
739	6 
740	10 
741	9 
742	2 
743	20 
744	15 
745	3 
746	9 
747	4 
748	15 
749	3 
750	4 
751	7 
752	11 
753	3 
754	19 
755	22 
756	4 
757	13 
758	3 
759	6 
760	17 
761	12 
762	24 
763	11 
764	8 
765	19 
766	12 
767	25 
768	8 
769	10 
770	15 
771	12 
772	3 
773	5 
774	5 
775	9 
776	13 
777	6 
778	9 
779	19 
780	12 
781	8 
782	18 
783	25 
784	20 
785	20 
786	2 
787	3 
788	26 
789	19 
790	12 
791	5 
792	20 
793	7 
794	22 
795	10 
796	15 
797	7 
798	8 
799	23 
800	7 
801	4 
802	3 
803	9 
804	21 
805	20 
806	6 
807	3 
808	16 
809	18 
810	20 
811	9 
812	4 
813	4 
814	20 
815	18 
816	18 
817	1 
818	8 
819	12 
820	17 
821	21 
822	26 
823	25 
824	7 
825	4 
826	8 
827	10 
828	18 
829	20 
830	17 
831	3 
832	8 
833	10 
834	27 
835	9 
836	23 
837	2 
838	20 
839	1 
840	5 
841	10 
842	1 
843	18 
844	26 
845	27 
846	10 
847	23 
848	8 
849	13 
850	6 
851	10 
852	27 
853	4 
854	4 
855	4 
856	4 
857	7 
858	27 
859	4 
860	10 
861	25 
862	4 
863	4 
864	25 
865	4 
866	21 
867	9 
868	3 
869	3 
870	23 
871	15 
872	6 
873	1 
874	20 
875	6 
876	15 
877	7 
878	12 
879	17 
880	4 
881	27 
882	3 
883	12 
884	1 
885	10 
886	4 
887	13 
888	14 
889	17 
890	9 
891	13 
892	8 
893	8 
894	27 
895	23 
896	18 
897	25 
898	15 
899	13 
900	3 
901	8 
902	1 
903	12 
904	8 
905	9 
906	21 
907	15 
908	13 
909	1 
910	10 
911	23 
912	1 
913	15 
914	10 
915	23 
916	4 
917	6 
918	6 
919	4 
920	19 
921	17 
922	27 
923	5 
924	4 
925	3 
926	15 
927	12 
928	9 
929	10 
930	17 
931	23 
932	10 
933	6 
934	8 
935	4 
936	7 
937	27 
938	5 
939	12 
940	4 
941	4 
942	8 
943	10 
944	4 
945	9 
946	4 
947	7 
948	27 
949	18 
950	27 
951	5 
952	27 
953	4 
954	9 
955	8 
956	3 
957	20 
958	4 
959	15 
960	19 
961	4 
962	7 
963	8 
964	23 
965	19 
966	7 
967	20 
968	6 
969	20 
970	18 
971	20 
972	3 
973	8 
974	4 
975	3 
976	7 
977	12 
978	6 
979	8 
980	20 
981	20 
982	6 
983	27 
984	12 
985	3 
986	23 
987	3 
988	9 
989	27 
990	10 
991	23 
992	10 
993	8 
994	7 
995	23 
996	4 
997	6 
998	3 
999	3 
1000	4 
