1	18 
2	1 
3	13 
4	8 
5	7 
6	10 
7	9 
8	12 
9	13 
10	10 
11	2 
12	4 
13	13 
14	15 
15	13 
16	18 
17	10 
18	3 
19	10 
20	12 
21	14 
22	9 
23	12 
24	11 
25	12 
26	3 
27	8 
28	2 
29	14 
30	19 
31	8 
32	12 
33	14 
34	5 
35	9 
36	12 
37	12 
38	5 
39	1 
40	18 
41	1 
42	4 
43	18 
44	13 
45	10 
46	4 
47	7 
48	7 
49	16 
50	10 
51	10 
52	10 
53	8 
54	3 
55	13 
56	18 
57	16 
58	16 
59	15 
60	13 
61	8 
62	16 
63	8 
64	3 
65	10 
66	15 
67	18 
68	10 
69	2 
70	18 
71	7 
72	15 
73	3 
74	7 
75	12 
76	11 
77	13 
78	9 
79	11 
80	4 
81	16 
82	1 
83	8 
84	4 
85	15 
86	13 
87	2 
88	7 
89	10 
90	14 
91	10 
92	19 
93	14 
94	10 
95	10 
96	8 
97	13 
98	9 
99	10 
100	5 
101	19 
102	5 
103	8 
104	11 
105	11 
106	2 
107	7 
108	3 
109	10 
110	12 
111	11 
112	18 
113	4 
114	9 
115	3 
116	14 
117	13 
118	13 
119	10 
120	15 
121	6 
122	5 
123	12 
124	5 
125	19 
126	9 
127	3 
128	8 
129	13 
130	17 
131	12 
132	4 
133	4 
134	1 
135	7 
136	9 
137	1 
138	8 
139	9 
140	17 
141	9 
142	9 
143	13 
144	10 
145	6 
146	4 
147	12 
148	2 
149	18 
150	12 
151	17 
152	16 
153	1 
154	2 
155	10 
156	9 
157	1 
158	18 
159	1 
160	3 
161	3 
162	14 
163	10 
164	18 
165	12 
166	1 
167	14 
168	3 
169	7 
170	1 
171	7 
172	8 
173	16 
174	9 
175	16 
176	9 
177	8 
178	6 
179	1 
180	10 
181	13 
182	16 
183	1 
184	10 
185	13 
186	10 
187	2 
188	1 
189	2 
190	11 
191	8 
192	4 
193	9 
194	1 
195	10 
196	18 
197	3 
198	9 
199	3 
200	18 
201	9 
202	9 
203	4 
204	11 
205	1 
206	9 
207	19 
208	14 
209	5 
210	9 
211	15 
212	13 
213	10 
214	11 
215	3 
216	16 
217	5 
218	14 
219	17 
220	10 
221	9 
222	14 
223	11 
224	16 
225	8 
226	12 
227	6 
228	16 
229	13 
230	15 
231	16 
232	6 
233	6 
234	5 
235	16 
236	13 
237	10 
238	2 
239	15 
240	18 
241	3 
242	10 
243	13 
244	1 
245	12 
246	10 
247	16 
248	10 
249	9 
250	5 
251	4 
252	19 
253	10 
254	7 
255	7 
256	4 
257	10 
258	3 
259	8 
260	3 
261	11 
262	1 
263	8 
264	10 
265	10 
266	13 
267	14 
268	12 
269	4 
270	8 
271	12 
272	12 
273	4 
274	10 
275	11 
276	16 
277	14 
278	1 
279	12 
280	10 
281	14 
282	4 
283	3 
284	7 
285	8 
286	11 
287	13 
288	6 
289	15 
290	7 
291	16 
292	10 
293	12 
294	10 
295	1 
296	14 
297	1 
298	3 
299	1 
300	10 
301	2 
302	16 
303	7 
304	19 
305	13 
306	14 
307	11 
308	10 
309	7 
310	16 
311	4 
312	11 
313	9 
314	10 
315	9 
316	4 
317	8 
318	3 
319	13 
320	12 
321	4 
322	8 
323	10 
324	18 
325	18 
326	12 
327	12 
328	7 
329	7 
330	5 
331	12 
332	17 
333	6 
334	2 
335	19 
336	15 
337	17 
338	9 
339	19 
340	12 
341	11 
342	1 
343	12 
344	10 
345	18 
346	3 
347	15 
348	4 
349	4 
350	8 
351	14 
352	6 
353	12 
354	19 
355	1 
356	10 
357	12 
358	6 
359	4 
360	3 
361	16 
362	8 
363	4 
364	8 
365	1 
366	12 
367	19 
368	9 
369	18 
370	12 
371	1 
372	1 
373	8 
374	3 
375	10 
376	18 
377	9 
378	8 
379	9 
380	8 
381	14 
382	3 
383	1 
384	12 
385	1 
386	12 
387	13 
388	2 
389	4 
390	10 
391	4 
392	6 
393	2 
394	5 
395	6 
396	9 
397	2 
398	8 
399	1 
400	18 
401	9 
402	7 
403	14 
404	4 
405	19 
406	9 
407	9 
408	9 
409	3 
410	4 
411	16 
412	12 
413	13 
414	5 
415	17 
416	7 
417	17 
418	4 
419	2 
420	6 
421	1 
422	13 
423	16 
424	8 
425	4 
426	13 
427	12 
428	13 
429	16 
430	12 
431	6 
432	3 
433	9 
434	1 
435	14 
436	4 
437	1 
438	5 
439	17 
440	10 
441	10 
442	16 
443	19 
444	1 
445	12 
446	15 
447	10 
448	11 
449	11 
450	1 
451	10 
452	4 
453	11 
454	13 
455	10 
456	3 
457	15 
458	3 
459	3 
460	6 
461	9 
462	7 
463	13 
464	13 
465	13 
466	14 
467	17 
468	11 
469	14 
470	14 
471	5 
472	8 
473	3 
474	11 
475	1 
476	16 
477	4 
478	3 
479	3 
480	12 
481	7 
482	2 
483	9 
484	2 
485	9 
486	14 
487	1 
488	15 
489	9 
490	13 
491	12 
492	19 
493	16 
494	18 
495	19 
496	4 
497	9 
498	8 
499	10 
500	1 
501	8 
502	12 
503	11 
504	8 
505	1 
506	4 
507	1 
508	1 
509	10 
510	18 
511	1 
512	15 
513	9 
514	9 
515	4 
516	1 
517	3 
518	8 
519	5 
520	10 
521	18 
522	13 
523	16 
524	17 
525	13 
526	14 
527	9 
528	10 
529	8 
530	16 
531	8 
532	14 
533	6 
534	13 
535	7 
536	11 
537	16 
538	15 
539	11 
540	6 
541	11 
542	7 
543	11 
544	15 
545	12 
546	16 
547	16 
548	7 
549	9 
550	4 
551	11 
552	17 
553	13 
554	19 
555	1 
556	10 
557	2 
558	16 
559	12 
560	18 
561	7 
562	10 
563	12 
564	16 
565	17 
566	16 
567	6 
568	10 
569	1 
570	2 
571	8 
572	1 
573	13 
574	11 
575	8 
576	10 
577	17 
578	6 
579	13 
580	13 
581	8 
582	10 
583	19 
584	3 
585	16 
586	16 
587	16 
588	11 
589	8 
590	4 
591	16 
592	9 
593	5 
594	9 
595	8 
596	18 
597	4 
598	7 
599	16 
600	14 
601	13 
602	14 
603	4 
604	2 
605	7 
606	13 
607	9 
608	16 
609	10 
610	14 
611	9 
612	3 
613	17 
614	11 
615	4 
616	4 
617	7 
618	3 
619	18 
620	12 
621	1 
622	1 
623	7 
624	1 
625	18 
626	16 
627	4 
628	5 
629	8 
630	16 
631	18 
632	3 
633	9 
634	1 
635	9 
636	11 
637	13 
638	7 
639	12 
640	12 
641	3 
642	8 
643	1 
644	10 
645	4 
646	12 
647	19 
648	8 
649	14 
650	14 
651	13 
652	13 
653	10 
654	19 
655	10 
656	7 
657	11 
658	1 
659	9 
660	9 
661	10 
662	11 
663	10 
664	13 
665	13 
666	12 
667	1 
668	9 
669	16 
670	3 
671	16 
672	4 
673	8 
674	16 
675	8 
676	13 
677	3 
678	3 
679	8 
680	7 
681	9 
682	2 
683	9 
684	15 
685	10 
686	1 
687	11 
688	8 
689	3 
690	9 
691	10 
692	9 
693	3 
694	10 
695	4 
696	1 
697	13 
698	7 
699	12 
700	10 
701	7 
702	10 
703	4 
704	18 
705	12 
706	3 
707	13 
708	16 
709	11 
710	8 
711	10 
712	7 
713	3 
714	7 
715	11 
716	16 
717	12 
718	17 
719	16 
720	18 
721	8 
722	12 
723	14 
724	14 
725	9 
726	13 
727	4 
728	10 
729	2 
730	13 
731	15 
732	12 
733	13 
734	9 
735	1 
736	9 
737	8 
738	1 
739	14 
740	9 
741	14 
742	3 
743	19 
744	2 
745	8 
746	17 
747	12 
748	5 
749	16 
750	9 
751	16 
752	11 
753	3 
754	17 
755	4 
756	16 
757	4 
758	18 
759	17 
760	4 
761	2 
762	13 
763	8 
764	15 
765	12 
766	9 
767	7 
768	16 
769	4 
770	10 
771	3 
772	9 
773	10 
774	10 
775	14 
776	5 
777	9 
778	4 
779	18 
780	9 
781	5 
782	18 
783	8 
784	1 
785	1 
786	3 
787	9 
788	10 
789	10 
790	1 
791	10 
792	17 
793	16 
794	9 
795	9 
796	19 
797	15 
798	5 
799	18 
800	3 
801	1 
802	8 
803	10 
804	3 
805	12 
806	3 
807	14 
808	10 
809	8 
810	2 
811	17 
812	6 
813	11 
814	18 
815	14 
816	18 
817	19 
818	18 
819	12 
820	4 
821	5 
822	6 
823	18 
824	8 
825	18 
826	1 
827	12 
828	1 
829	6 
830	8 
831	4 
832	10 
833	9 
834	15 
835	1 
836	7 
837	8 
838	3 
839	3 
840	8 
841	9 
842	13 
843	8 
844	9 
845	13 
846	4 
847	1 
848	5 
849	10 
850	16 
851	8 
852	3 
853	12 
854	16 
855	1 
856	13 
857	19 
858	3 
859	4 
860	8 
861	6 
862	6 
863	4 
864	10 
865	12 
866	14 
867	9 
868	13 
869	7 
870	9 
871	8 
872	14 
873	3 
874	2 
875	18 
876	16 
877	19 
878	8 
879	9 
880	12 
881	9 
882	8 
883	1 
884	16 
885	3 
886	10 
887	16 
888	8 
889	13 
890	4 
891	4 
892	1 
893	10 
894	9 
895	13 
896	4 
897	7 
898	13 
899	13 
900	12 
901	11 
902	14 
903	14 
904	18 
905	10 
906	10 
907	3 
908	9 
909	18 
910	13 
911	10 
912	12 
913	8 
914	16 
915	18 
916	10 
917	14 
918	12 
919	1 
920	9 
921	9 
922	1 
923	9 
924	10 
925	11 
926	3 
927	14 
928	3 
929	11 
930	14 
931	18 
932	12 
933	12 
934	1 
935	4 
936	10 
937	3 
938	10 
939	2 
940	13 
941	3 
942	13 
943	16 
944	10 
945	2 
946	7 
947	1 
948	8 
949	3 
950	18 
951	18 
952	13 
953	1 
954	12 
955	13 
956	10 
957	8 
958	8 
959	12 
960	16 
961	13 
962	13 
963	1 
964	1 
965	8 
966	11 
967	10 
968	14 
969	1 
970	11 
971	3 
972	16 
973	7 
974	1 
975	10 
976	11 
977	9 
978	8 
979	13 
980	11 
981	7 
982	11 
983	8 
984	13 
985	8 
986	1 
987	1 
988	3 
989	10 
990	16 
991	8 
992	4 
993	7 
994	13 
995	11 
996	9 
997	9 
998	13 
999	4 
1000	1 
