1	2 
2	16 
3	18 
4	13 
5	2 
6	2 
7	4 
8	12 
9	8 
10	7 
11	9 
12	10 
13	5 
14	5 
15	3 
16	5 
17	13 
18	18 
19	10 
20	7 
21	13 
22	2 
23	13 
24	12 
25	5 
26	1 
27	4 
28	4 
29	6 
30	14 
31	15 
32	10 
33	12 
34	13 
35	2 
36	12 
37	1 
38	6 
39	1 
40	5 
41	1 
42	17 
43	5 
44	10 
45	7 
46	3 
47	15 
48	5 
49	5 
50	16 
51	7 
52	13 
53	3 
54	5 
55	18 
56	14 
57	5 
58	10 
59	13 
60	1 
61	2 
62	18 
63	7 
64	1 
65	13 
66	17 
67	7 
68	15 
69	17 
70	13 
71	2 
72	7 
73	15 
74	18 
75	16 
76	13 
77	6 
78	5 
79	16 
80	16 
81	1 
82	16 
83	17 
84	17 
85	16 
86	13 
87	14 
88	7 
89	15 
90	13 
91	12 
92	18 
93	10 
94	18 
95	17 
96	10 
97	18 
98	7 
99	7 
100	6 
101	7 
102	18 
103	10 
104	7 
105	13 
106	6 
107	11 
108	2 
109	16 
110	2 
111	15 
112	3 
113	12 
114	16 
115	8 
116	13 
117	1 
118	18 
119	7 
120	17 
121	18 
122	4 
123	15 
124	17 
125	6 
126	1 
127	2 
128	1 
129	8 
130	14 
131	9 
132	6 
133	10 
134	7 
135	5 
136	13 
137	7 
138	15 
139	16 
140	3 
141	11 
142	12 
143	4 
144	3 
145	10 
146	10 
147	1 
148	12 
149	16 
150	5 
151	10 
152	4 
153	5 
154	5 
155	7 
156	17 
157	3 
158	7 
159	9 
160	17 
161	4 
162	4 
163	1 
164	15 
165	11 
166	3 
167	5 
168	6 
169	10 
170	10 
171	11 
172	10 
173	12 
174	1 
175	16 
176	4 
177	13 
178	7 
179	13 
180	15 
181	7 
182	10 
183	4 
184	5 
185	10 
186	15 
187	1 
188	10 
189	7 
190	15 
191	5 
192	15 
193	13 
194	13 
195	17 
196	15 
197	10 
198	12 
199	6 
200	5 
201	16 
202	7 
203	7 
204	5 
205	16 
206	5 
207	10 
208	4 
209	15 
210	5 
211	15 
212	1 
213	15 
214	2 
215	17 
216	1 
217	10 
218	1 
219	4 
220	1 
221	6 
222	10 
223	2 
224	4 
225	7 
226	13 
227	17 
228	7 
229	2 
230	5 
231	18 
232	14 
233	5 
234	18 
235	13 
236	11 
237	16 
238	7 
239	18 
240	4 
241	15 
242	15 
243	15 
244	1 
245	14 
246	5 
247	4 
248	11 
249	2 
250	17 
251	1 
252	1 
253	1 
254	18 
255	9 
256	15 
257	3 
258	11 
259	11 
260	1 
261	11 
262	12 
263	6 
264	17 
265	17 
266	15 
267	15 
268	18 
269	15 
270	17 
271	1 
272	16 
273	14 
274	9 
275	1 
276	18 
277	17 
278	3 
279	15 
280	15 
281	15 
282	14 
283	10 
284	15 
285	6 
286	5 
287	4 
288	8 
289	7 
290	11 
291	17 
292	12 
293	1 
294	17 
295	3 
296	9 
297	1 
298	13 
299	6 
300	16 
301	17 
302	14 
303	16 
304	17 
305	4 
306	1 
307	12 
308	15 
309	5 
310	5 
311	1 
312	17 
313	17 
314	16 
315	13 
316	13 
317	7 
318	3 
319	13 
320	10 
321	1 
322	3 
323	1 
324	10 
325	5 
326	17 
327	9 
328	15 
329	15 
330	15 
331	2 
332	18 
333	10 
334	10 
335	10 
336	15 
337	15 
338	12 
339	17 
340	5 
341	4 
342	7 
343	12 
344	15 
345	10 
346	8 
347	11 
348	2 
349	5 
350	4 
351	2 
352	13 
353	12 
354	5 
355	2 
356	13 
357	13 
358	17 
359	7 
360	9 
361	15 
362	16 
363	5 
364	1 
365	10 
366	7 
367	9 
368	10 
369	11 
370	1 
371	17 
372	15 
373	10 
374	1 
375	13 
376	2 
377	2 
378	10 
379	10 
380	3 
381	16 
382	10 
383	2 
384	4 
385	13 
386	8 
387	18 
388	1 
389	1 
390	1 
391	5 
392	2 
393	17 
394	7 
395	18 
396	6 
397	7 
398	12 
399	14 
400	13 
401	16 
402	15 
403	1 
404	7 
405	4 
406	13 
407	8 
408	1 
409	17 
410	4 
411	5 
412	13 
413	13 
414	6 
415	5 
416	10 
417	17 
418	17 
419	13 
420	16 
421	17 
422	4 
423	18 
424	13 
425	13 
426	13 
427	12 
428	17 
429	9 
430	5 
431	4 
432	9 
433	4 
434	5 
435	3 
436	4 
437	4 
438	2 
439	10 
440	16 
441	1 
442	14 
443	4 
444	8 
445	3 
446	17 
447	15 
448	15 
449	6 
450	10 
451	10 
452	4 
453	15 
454	10 
455	5 
456	11 
457	13 
458	2 
459	12 
460	10 
461	5 
462	5 
463	17 
464	3 
465	4 
466	18 
467	1 
468	1 
469	8 
470	14 
471	4 
472	17 
473	8 
474	13 
475	5 
476	8 
477	17 
478	16 
479	13 
480	10 
481	17 
482	4 
483	12 
484	11 
485	4 
486	1 
487	2 
488	7 
489	2 
490	8 
491	1 
492	15 
493	4 
494	13 
495	3 
496	12 
497	3 
498	4 
499	10 
500	2 
501	12 
502	1 
503	13 
504	1 
505	17 
506	1 
507	14 
508	8 
509	7 
510	16 
511	4 
512	5 
513	3 
514	7 
515	4 
516	9 
517	10 
518	1 
519	7 
520	12 
521	2 
522	1 
523	11 
524	5 
525	13 
526	18 
527	16 
528	1 
529	13 
530	14 
531	17 
532	17 
533	11 
534	13 
535	4 
536	1 
537	8 
538	5 
539	11 
540	7 
541	5 
542	9 
543	12 
544	1 
545	14 
546	16 
547	14 
548	4 
549	17 
550	8 
551	4 
552	10 
553	13 
554	15 
555	1 
556	16 
557	12 
558	4 
559	4 
560	4 
561	5 
562	14 
563	10 
564	13 
565	18 
566	10 
567	18 
568	7 
569	15 
570	18 
571	18 
572	13 
573	2 
574	9 
575	4 
576	13 
577	18 
578	14 
579	16 
580	1 
581	8 
582	9 
583	14 
584	11 
585	10 
586	7 
587	14 
588	14 
589	10 
590	14 
591	7 
592	10 
593	6 
594	10 
595	15 
596	9 
597	15 
598	1 
599	6 
600	15 
601	7 
602	9 
603	17 
604	17 
605	2 
606	5 
607	4 
608	5 
609	10 
610	1 
611	6 
612	7 
613	16 
614	12 
615	7 
616	8 
617	5 
618	5 
619	1 
620	18 
621	13 
622	18 
623	6 
624	2 
625	13 
626	10 
627	5 
628	2 
629	6 
630	5 
631	17 
632	4 
633	9 
634	12 
635	18 
636	10 
637	12 
638	7 
639	17 
640	12 
641	15 
642	16 
643	6 
644	15 
645	4 
646	11 
647	8 
648	8 
649	17 
650	15 
651	12 
652	6 
653	1 
654	16 
655	1 
656	7 
657	7 
658	13 
659	7 
660	15 
661	17 
662	4 
663	1 
664	2 
665	12 
666	4 
667	11 
668	16 
669	12 
670	7 
671	18 
672	17 
673	7 
674	13 
675	16 
676	1 
677	18 
678	13 
679	2 
680	6 
681	2 
682	1 
683	4 
684	12 
685	4 
686	15 
687	12 
688	15 
689	13 
690	1 
691	5 
692	12 
693	17 
694	12 
695	7 
696	15 
697	5 
698	17 
699	13 
700	12 
701	17 
702	1 
703	9 
704	15 
705	11 
706	1 
707	5 
708	15 
709	14 
710	10 
711	12 
712	15 
713	11 
714	7 
715	5 
716	15 
717	13 
718	1 
719	7 
720	12 
721	17 
722	5 
723	1 
724	10 
725	1 
726	15 
727	1 
728	7 
729	17 
730	10 
731	13 
732	1 
733	12 
734	7 
735	5 
736	17 
737	4 
738	10 
739	17 
740	12 
741	12 
742	7 
743	10 
744	17 
745	11 
746	1 
747	17 
748	6 
749	12 
750	16 
751	7 
752	18 
753	13 
754	4 
755	2 
756	17 
757	13 
758	1 
759	8 
760	18 
761	12 
762	10 
763	1 
764	13 
765	4 
766	16 
767	11 
768	8 
769	1 
770	1 
771	18 
772	15 
773	6 
774	13 
775	15 
776	14 
777	7 
778	18 
779	7 
780	5 
781	13 
782	13 
783	5 
784	17 
785	2 
786	10 
787	12 
788	3 
789	7 
790	7 
791	13 
792	17 
793	15 
794	17 
795	4 
796	13 
797	6 
798	17 
799	1 
800	16 
801	15 
802	14 
803	17 
804	16 
805	2 
806	7 
807	7 
808	9 
809	12 
810	16 
811	5 
812	13 
813	4 
814	17 
815	13 
816	18 
817	1 
818	5 
819	10 
820	6 
821	12 
822	7 
823	16 
824	1 
825	5 
826	3 
827	6 
828	15 
829	4 
830	4 
831	9 
832	8 
833	4 
834	18 
835	2 
836	4 
837	2 
838	13 
839	15 
840	13 
841	12 
842	10 
843	6 
844	2 
845	1 
846	13 
847	5 
848	13 
849	2 
850	11 
851	13 
852	15 
853	10 
854	1 
855	16 
856	1 
857	7 
858	2 
859	2 
860	12 
861	10 
862	7 
863	4 
864	1 
865	15 
866	12 
867	15 
868	1 
869	1 
870	6 
871	6 
872	15 
873	2 
874	18 
875	14 
876	14 
877	5 
878	1 
879	3 
880	10 
881	1 
882	5 
883	4 
884	6 
885	3 
886	4 
887	17 
888	12 
889	15 
890	1 
891	14 
892	12 
893	17 
894	12 
895	1 
896	12 
897	15 
898	5 
899	13 
900	7 
901	13 
902	4 
903	1 
904	5 
905	17 
906	10 
907	2 
908	5 
909	4 
910	16 
911	15 
912	17 
913	1 
914	1 
915	6 
916	4 
917	16 
918	1 
919	5 
920	12 
921	17 
922	4 
923	2 
924	15 
925	17 
926	15 
927	17 
928	6 
929	6 
930	14 
931	15 
932	1 
933	16 
934	6 
935	13 
936	7 
937	13 
938	10 
939	12 
940	17 
941	4 
942	7 
943	7 
944	7 
945	5 
946	12 
947	10 
948	15 
949	14 
950	12 
951	17 
952	13 
953	15 
954	16 
955	13 
956	4 
957	1 
958	4 
959	1 
960	17 
961	1 
962	7 
963	17 
964	16 
965	17 
966	13 
967	1 
968	17 
969	18 
970	18 
971	13 
972	15 
973	13 
974	15 
975	4 
976	17 
977	1 
978	10 
979	17 
980	15 
981	16 
982	7 
983	15 
984	2 
985	1 
986	16 
987	12 
988	15 
989	13 
990	7 
991	18 
992	6 
993	15 
994	18 
995	5 
996	13 
997	10 
998	5 
999	7 
1000	18 
