1	1 
2	20 
3	11 
4	13 
5	15 
6	7 
7	7 
8	5 
9	19 
10	15 
11	1 
12	15 
13	6 
14	8 
15	13 
16	17 
17	14 
18	1 
19	8 
20	17 
21	6 
22	11 
23	19 
24	21 
25	20 
26	11 
27	17 
28	5 
29	7 
30	16 
31	1 
32	12 
33	6 
34	15 
35	5 
36	1 
37	4 
38	14 
39	4 
40	7 
41	18 
42	4 
43	21 
44	18 
45	8 
46	18 
47	4 
48	5 
49	7 
50	15 
51	13 
52	7 
53	6 
54	6 
55	18 
56	1 
57	5 
58	19 
59	7 
60	14 
61	19 
62	2 
63	4 
64	10 
65	3 
66	7 
67	19 
68	21 
69	6 
70	11 
71	12 
72	7 
73	11 
74	14 
75	16 
76	5 
77	8 
78	14 
79	1 
80	10 
81	17 
82	19 
83	17 
84	18 
85	5 
86	16 
87	10 
88	15 
89	18 
90	15 
91	3 
92	8 
93	16 
94	5 
95	12 
96	11 
97	2 
98	1 
99	17 
100	13 
101	4 
102	21 
103	10 
104	17 
105	15 
106	1 
107	4 
108	13 
109	18 
110	1 
111	21 
112	16 
113	6 
114	4 
115	18 
116	15 
117	5 
118	15 
119	1 
120	8 
121	14 
122	11 
123	11 
124	4 
125	16 
126	19 
127	10 
128	13 
129	21 
130	20 
131	11 
132	9 
133	1 
134	18 
135	9 
136	1 
137	13 
138	7 
139	19 
140	9 
141	11 
142	7 
143	14 
144	3 
145	21 
146	8 
147	11 
148	17 
149	19 
150	13 
151	15 
152	6 
153	8 
154	17 
155	5 
156	3 
157	11 
158	21 
159	5 
160	7 
161	11 
162	7 
163	6 
164	7 
165	1 
166	5 
167	21 
168	20 
169	3 
170	14 
171	9 
172	3 
173	19 
174	12 
175	7 
176	15 
177	5 
178	1 
179	10 
180	9 
181	21 
182	5 
183	14 
184	13 
185	3 
186	21 
187	8 
188	13 
189	4 
190	6 
191	6 
192	12 
193	12 
194	2 
195	15 
196	6 
197	7 
198	6 
199	8 
200	18 
201	15 
202	21 
203	5 
204	13 
205	4 
206	10 
207	4 
208	1 
209	1 
210	12 
211	2 
212	16 
213	21 
214	7 
215	2 
216	19 
217	21 
218	21 
219	15 
220	3 
221	10 
222	12 
223	8 
224	8 
225	12 
226	8 
227	1 
228	7 
229	20 
230	1 
231	6 
232	15 
233	19 
234	14 
235	4 
236	9 
237	20 
238	8 
239	5 
240	2 
241	6 
242	21 
243	14 
244	21 
245	7 
246	15 
247	21 
248	11 
249	7 
250	14 
251	18 
252	9 
253	12 
254	2 
255	1 
256	4 
257	5 
258	6 
259	6 
260	16 
261	17 
262	4 
263	8 
264	11 
265	3 
266	9 
267	10 
268	10 
269	15 
270	18 
271	6 
272	1 
273	21 
274	5 
275	21 
276	15 
277	9 
278	10 
279	6 
280	1 
281	13 
282	2 
283	1 
284	11 
285	4 
286	17 
287	21 
288	21 
289	17 
290	20 
291	16 
292	21 
293	1 
294	8 
295	8 
296	6 
297	5 
298	3 
299	13 
300	21 
301	3 
302	18 
303	1 
304	15 
305	8 
306	6 
307	21 
308	9 
309	14 
310	21 
311	12 
312	11 
313	15 
314	7 
315	14 
316	15 
317	2 
318	6 
319	6 
320	14 
321	4 
322	11 
323	1 
324	7 
325	15 
326	8 
327	1 
328	15 
329	13 
330	2 
331	11 
332	1 
333	1 
334	4 
335	4 
336	14 
337	19 
338	14 
339	1 
340	6 
341	8 
342	1 
343	1 
344	14 
345	8 
346	21 
347	1 
348	13 
349	2 
350	18 
351	16 
352	12 
353	21 
354	17 
355	6 
356	21 
357	5 
358	5 
359	11 
360	3 
361	15 
362	2 
363	1 
364	7 
365	4 
366	5 
367	1 
368	21 
369	5 
370	19 
371	11 
372	11 
373	6 
374	7 
375	4 
376	19 
377	15 
378	1 
379	8 
380	15 
381	21 
382	19 
383	1 
384	14 
385	21 
386	14 
387	16 
388	19 
389	6 
390	3 
391	7 
392	9 
393	5 
394	1 
395	9 
396	1 
397	6 
398	6 
399	14 
400	11 
401	8 
402	6 
403	15 
404	4 
405	8 
406	20 
407	21 
408	10 
409	17 
410	18 
411	21 
412	21 
413	1 
414	10 
415	1 
416	18 
417	15 
418	6 
419	3 
420	13 
421	4 
422	1 
423	8 
424	6 
425	9 
426	21 
427	4 
428	21 
429	6 
430	4 
431	8 
432	1 
433	1 
434	10 
435	5 
436	18 
437	20 
438	3 
439	11 
440	21 
441	1 
442	9 
443	1 
444	2 
445	5 
446	4 
447	3 
448	18 
449	19 
450	1 
451	7 
452	7 
453	21 
454	18 
455	18 
456	21 
457	13 
458	8 
459	11 
460	18 
461	15 
462	14 
463	18 
464	5 
465	14 
466	21 
467	9 
468	11 
469	17 
470	17 
471	6 
472	5 
473	1 
474	10 
475	11 
476	15 
477	17 
478	7 
479	18 
480	21 
481	17 
482	5 
483	7 
484	19 
485	14 
486	2 
487	2 
488	6 
489	11 
490	1 
491	15 
492	21 
493	21 
494	3 
495	4 
496	11 
497	3 
498	4 
499	19 
500	16 
501	21 
502	14 
503	16 
504	4 
505	20 
506	17 
507	12 
508	15 
509	11 
510	18 
511	6 
512	4 
513	21 
514	19 
515	9 
516	16 
517	15 
518	3 
519	4 
520	15 
521	10 
522	5 
523	19 
524	1 
525	4 
526	5 
527	16 
528	5 
529	4 
530	14 
531	11 
532	3 
533	8 
534	4 
535	19 
536	13 
537	20 
538	14 
539	4 
540	6 
541	12 
542	3 
543	19 
544	1 
545	1 
546	4 
547	3 
548	17 
549	21 
550	13 
551	10 
552	11 
553	1 
554	13 
555	4 
556	21 
557	1 
558	20 
559	7 
560	6 
561	5 
562	13 
563	1 
564	9 
565	4 
566	14 
567	9 
568	21 
569	19 
570	6 
571	4 
572	19 
573	11 
574	6 
575	8 
576	14 
577	21 
578	8 
579	12 
580	12 
581	7 
582	12 
583	5 
584	21 
585	19 
586	8 
587	11 
588	14 
589	8 
590	20 
591	11 
592	13 
593	7 
594	10 
595	6 
596	19 
597	21 
598	7 
599	2 
600	21 
601	6 
602	12 
603	5 
604	14 
605	6 
606	13 
607	1 
608	14 
609	9 
610	5 
611	10 
612	3 
613	10 
614	5 
615	1 
616	14 
617	3 
618	2 
619	15 
620	21 
621	14 
622	7 
623	14 
624	15 
625	4 
626	6 
627	6 
628	7 
629	9 
630	4 
631	4 
632	6 
633	10 
634	7 
635	20 
636	14 
637	20 
638	21 
639	18 
640	14 
641	19 
642	7 
643	9 
644	5 
645	16 
646	14 
647	17 
648	5 
649	5 
650	1 
651	19 
652	8 
653	2 
654	3 
655	1 
656	20 
657	7 
658	6 
659	11 
660	21 
661	17 
662	3 
663	12 
664	1 
665	21 
666	3 
667	1 
668	16 
669	11 
670	6 
671	21 
672	5 
673	17 
674	15 
675	8 
676	6 
677	3 
678	20 
679	18 
680	5 
681	7 
682	15 
683	10 
684	4 
685	10 
686	21 
687	14 
688	17 
689	1 
690	12 
691	6 
692	15 
693	4 
694	1 
695	5 
696	11 
697	19 
698	6 
699	15 
700	15 
701	18 
702	1 
703	1 
704	19 
705	21 
706	2 
707	19 
708	8 
709	17 
710	11 
711	11 
712	14 
713	17 
714	20 
715	5 
716	18 
717	7 
718	18 
719	17 
720	11 
721	15 
722	1 
723	15 
724	3 
725	4 
726	21 
727	9 
728	6 
729	21 
730	10 
731	12 
732	3 
733	5 
734	1 
735	5 
736	21 
737	7 
738	9 
739	3 
740	16 
741	14 
742	15 
743	11 
744	5 
745	1 
746	5 
747	19 
748	16 
749	13 
750	1 
751	7 
752	19 
753	6 
754	21 
755	6 
756	1 
757	1 
758	8 
759	11 
760	6 
761	1 
762	5 
763	21 
764	12 
765	10 
766	16 
767	21 
768	12 
769	7 
770	19 
771	7 
772	7 
773	3 
774	9 
775	1 
776	1 
777	15 
778	11 
779	2 
780	12 
781	1 
782	1 
783	20 
784	1 
785	19 
786	15 
787	19 
788	6 
789	7 
790	21 
791	19 
792	16 
793	8 
794	1 
795	20 
796	11 
797	21 
798	20 
799	11 
800	6 
801	6 
802	1 
803	10 
804	2 
805	2 
806	11 
807	7 
808	3 
809	6 
810	14 
811	15 
812	18 
813	14 
814	10 
815	3 
816	21 
817	7 
818	19 
819	1 
820	8 
821	17 
822	21 
823	3 
824	8 
825	11 
826	4 
827	5 
828	7 
829	20 
830	21 
831	15 
832	5 
833	12 
834	11 
835	10 
836	19 
837	21 
838	19 
839	11 
840	17 
841	6 
842	18 
843	19 
844	3 
845	3 
846	6 
847	18 
848	13 
849	1 
850	14 
851	7 
852	14 
853	12 
854	9 
855	2 
856	5 
857	8 
858	12 
859	11 
860	21 
861	7 
862	18 
863	7 
864	17 
865	1 
866	19 
867	7 
868	15 
869	17 
870	7 
871	5 
872	19 
873	7 
874	4 
875	19 
876	17 
877	1 
878	1 
879	10 
880	21 
881	11 
882	18 
883	15 
884	21 
885	19 
886	3 
887	12 
888	13 
889	11 
890	10 
891	1 
892	9 
893	21 
894	5 
895	13 
896	1 
897	21 
898	6 
899	7 
900	17 
901	21 
902	1 
903	12 
904	19 
905	5 
906	11 
907	14 
908	3 
909	8 
910	4 
911	7 
912	21 
913	7 
914	17 
915	11 
916	10 
917	8 
918	11 
919	3 
920	19 
921	19 
922	7 
923	6 
924	6 
925	19 
926	6 
927	14 
928	7 
929	17 
930	4 
931	1 
932	1 
933	8 
934	14 
935	1 
936	15 
937	5 
938	1 
939	7 
940	1 
941	5 
942	19 
943	21 
944	6 
945	11 
946	19 
947	17 
948	21 
949	8 
950	10 
951	11 
952	6 
953	10 
954	15 
955	19 
956	17 
957	6 
958	1 
959	11 
960	8 
961	11 
962	17 
963	21 
964	11 
965	19 
966	6 
967	7 
968	15 
969	5 
970	6 
971	4 
972	11 
973	5 
974	21 
975	1 
976	15 
977	6 
978	10 
979	10 
980	19 
981	5 
982	8 
983	11 
984	8 
985	11 
986	4 
987	8 
988	5 
989	19 
990	4 
991	4 
992	5 
993	8 
994	5 
995	7 
996	6 
997	7 
998	1 
999	10 
1000	11 
