1	17 
2	10 
3	17 
4	14 
5	2 
6	11 
7	18 
8	14 
9	12 
10	15 
11	16 
12	7 
13	17 
14	1 
15	13 
16	11 
17	1 
18	8 
19	2 
20	5 
21	7 
22	8 
23	7 
24	7 
25	12 
26	13 
27	5 
28	12 
29	14 
30	18 
31	7 
32	5 
33	18 
34	17 
35	6 
36	13 
37	17 
38	7 
39	5 
40	4 
41	12 
42	5 
43	13 
44	18 
45	4 
46	15 
47	1 
48	18 
49	15 
50	12 
51	11 
52	17 
53	12 
54	14 
55	12 
56	15 
57	7 
58	18 
59	6 
60	13 
61	3 
62	18 
63	7 
64	17 
65	16 
66	13 
67	15 
68	15 
69	14 
70	12 
71	2 
72	4 
73	12 
74	7 
75	18 
76	16 
77	10 
78	6 
79	10 
80	4 
81	16 
82	16 
83	13 
84	1 
85	4 
86	18 
87	12 
88	16 
89	11 
90	6 
91	16 
92	13 
93	5 
94	16 
95	10 
96	4 
97	3 
98	9 
99	7 
100	13 
101	1 
102	7 
103	18 
104	5 
105	4 
106	12 
107	5 
108	5 
109	7 
110	5 
111	4 
112	9 
113	9 
114	5 
115	2 
116	18 
117	13 
118	5 
119	17 
120	14 
121	11 
122	10 
123	7 
124	10 
125	10 
126	7 
127	16 
128	10 
129	6 
130	10 
131	18 
132	9 
133	18 
134	13 
135	3 
136	13 
137	3 
138	17 
139	7 
140	11 
141	10 
142	7 
143	10 
144	12 
145	2 
146	17 
147	14 
148	18 
149	13 
150	5 
151	18 
152	16 
153	1 
154	14 
155	13 
156	12 
157	1 
158	10 
159	17 
160	11 
161	8 
162	5 
163	13 
164	3 
165	4 
166	15 
167	8 
168	10 
169	18 
170	13 
171	14 
172	11 
173	13 
174	13 
175	16 
176	14 
177	12 
178	13 
179	5 
180	17 
181	17 
182	10 
183	13 
184	5 
185	1 
186	18 
187	11 
188	10 
189	3 
190	16 
191	11 
192	9 
193	9 
194	12 
195	13 
196	15 
197	10 
198	16 
199	13 
200	1 
201	9 
202	12 
203	10 
204	17 
205	4 
206	9 
207	4 
208	9 
209	9 
210	6 
211	8 
212	17 
213	18 
214	12 
215	5 
216	18 
217	5 
218	18 
219	10 
220	15 
221	13 
222	7 
223	6 
224	16 
225	5 
226	8 
227	13 
228	11 
229	5 
230	17 
231	3 
232	2 
233	17 
234	8 
235	10 
236	2 
237	12 
238	16 
239	4 
240	13 
241	9 
242	3 
243	7 
244	10 
245	5 
246	13 
247	12 
248	7 
249	18 
250	18 
251	10 
252	11 
253	18 
254	17 
255	10 
256	18 
257	5 
258	10 
259	8 
260	13 
261	7 
262	17 
263	11 
264	8 
265	12 
266	1 
267	12 
268	8 
269	5 
270	18 
271	3 
272	11 
273	7 
274	8 
275	18 
276	15 
277	3 
278	9 
279	2 
280	11 
281	14 
282	16 
283	11 
284	13 
285	3 
286	4 
287	4 
288	13 
289	13 
290	10 
291	1 
292	18 
293	12 
294	8 
295	9 
296	16 
297	3 
298	18 
299	14 
300	7 
301	13 
302	5 
303	4 
304	18 
305	16 
306	3 
307	18 
308	18 
309	7 
310	12 
311	1 
312	12 
313	2 
314	11 
315	8 
316	10 
317	18 
318	18 
319	2 
320	7 
321	8 
322	12 
323	7 
324	1 
325	15 
326	16 
327	13 
328	14 
329	3 
330	7 
331	13 
332	14 
333	18 
334	6 
335	2 
336	17 
337	9 
338	2 
339	1 
340	13 
341	16 
342	7 
343	13 
344	9 
345	11 
346	14 
347	14 
348	18 
349	18 
350	3 
351	14 
352	18 
353	3 
354	1 
355	12 
356	8 
357	15 
358	11 
359	12 
360	13 
361	10 
362	3 
363	8 
364	3 
365	14 
366	3 
367	8 
368	14 
369	17 
370	2 
371	13 
372	11 
373	5 
374	6 
375	14 
376	9 
377	16 
378	6 
379	11 
380	7 
381	10 
382	9 
383	8 
384	1 
385	10 
386	17 
387	8 
388	13 
389	13 
390	8 
391	3 
392	7 
393	13 
394	14 
395	18 
396	6 
397	12 
398	17 
399	12 
400	7 
401	5 
402	10 
403	8 
404	16 
405	4 
406	7 
407	18 
408	5 
409	18 
410	13 
411	6 
412	16 
413	7 
414	4 
415	17 
416	13 
417	5 
418	16 
419	14 
420	14 
421	18 
422	11 
423	10 
424	14 
425	10 
426	10 
427	18 
428	16 
429	13 
430	9 
431	3 
432	18 
433	4 
434	5 
435	13 
436	8 
437	11 
438	15 
439	2 
440	4 
441	14 
442	10 
443	18 
444	15 
445	7 
446	4 
447	16 
448	10 
449	6 
450	11 
451	18 
452	5 
453	5 
454	18 
455	5 
456	4 
457	6 
458	5 
459	18 
460	8 
461	18 
462	17 
463	6 
464	10 
465	17 
466	3 
467	5 
468	8 
469	4 
470	18 
471	11 
472	10 
473	3 
474	7 
475	6 
476	18 
477	15 
478	13 
479	10 
480	5 
481	5 
482	16 
483	10 
484	4 
485	2 
486	18 
487	7 
488	5 
489	18 
490	13 
491	2 
492	13 
493	6 
494	6 
495	15 
496	14 
497	7 
498	15 
499	12 
500	16 
501	6 
502	18 
503	12 
504	3 
505	9 
506	18 
507	10 
508	16 
509	18 
510	3 
511	18 
512	7 
513	9 
514	18 
515	12 
516	3 
517	13 
518	15 
519	13 
520	17 
521	7 
522	18 
523	10 
524	2 
525	11 
526	18 
527	16 
528	7 
529	9 
530	14 
531	16 
532	5 
533	10 
534	6 
535	10 
536	16 
537	9 
538	6 
539	13 
540	15 
541	1 
542	14 
543	10 
544	18 
545	13 
546	7 
547	17 
548	11 
549	7 
550	13 
551	6 
552	10 
553	11 
554	2 
555	18 
556	1 
557	6 
558	6 
559	10 
560	14 
561	9 
562	4 
563	13 
564	10 
565	5 
566	14 
567	8 
568	4 
569	17 
570	18 
571	8 
572	4 
573	10 
574	10 
575	5 
576	16 
577	2 
578	7 
579	9 
580	10 
581	6 
582	10 
583	4 
584	5 
585	7 
586	10 
587	4 
588	9 
589	7 
590	16 
591	14 
592	7 
593	18 
594	10 
595	7 
596	13 
597	10 
598	14 
599	11 
600	9 
601	13 
602	11 
603	17 
604	8 
605	18 
606	2 
607	16 
608	8 
609	3 
610	16 
611	18 
612	1 
613	8 
614	8 
615	14 
616	18 
617	18 
618	3 
619	3 
620	8 
621	10 
622	4 
623	11 
624	15 
625	7 
626	14 
627	5 
628	10 
629	9 
630	3 
631	8 
632	3 
633	13 
634	9 
635	12 
636	10 
637	18 
638	4 
639	14 
640	16 
641	3 
642	6 
643	13 
644	7 
645	5 
646	13 
647	8 
648	17 
649	18 
650	10 
651	2 
652	12 
653	14 
654	6 
655	1 
656	8 
657	18 
658	15 
659	4 
660	7 
661	12 
662	10 
663	7 
664	8 
665	4 
666	8 
667	12 
668	14 
669	8 
670	5 
671	11 
672	9 
673	6 
674	7 
675	7 
676	9 
677	18 
678	5 
679	6 
680	12 
681	3 
682	12 
683	10 
684	14 
685	13 
686	7 
687	13 
688	13 
689	6 
690	12 
691	4 
692	8 
693	5 
694	14 
695	12 
696	17 
697	16 
698	7 
699	18 
700	13 
701	6 
702	13 
703	13 
704	4 
705	5 
706	6 
707	13 
708	14 
709	5 
710	2 
711	9 
712	15 
713	8 
714	17 
715	6 
716	9 
717	15 
718	15 
719	6 
720	16 
721	16 
722	7 
723	12 
724	16 
725	17 
726	10 
727	7 
728	14 
729	7 
730	16 
731	12 
732	13 
733	14 
734	4 
735	5 
736	16 
737	13 
738	5 
739	10 
740	10 
741	14 
742	6 
743	7 
744	10 
745	8 
746	4 
747	13 
748	11 
749	17 
750	16 
751	18 
752	16 
753	18 
754	10 
755	10 
756	18 
757	12 
758	11 
759	7 
760	10 
761	5 
762	4 
763	2 
764	1 
765	18 
766	6 
767	11 
768	16 
769	17 
770	13 
771	18 
772	12 
773	5 
774	9 
775	10 
776	9 
777	5 
778	10 
779	12 
780	13 
781	14 
782	14 
783	15 
784	18 
785	13 
786	10 
787	16 
788	16 
789	14 
790	6 
791	5 
792	10 
793	10 
794	18 
795	5 
796	15 
797	15 
798	16 
799	6 
800	7 
801	13 
802	12 
803	12 
804	5 
805	7 
806	3 
807	5 
808	10 
809	5 
810	16 
811	18 
812	3 
813	8 
814	8 
815	11 
816	12 
817	5 
818	15 
819	16 
820	3 
821	13 
822	5 
823	5 
824	13 
825	14 
826	15 
827	17 
828	9 
829	13 
830	5 
831	18 
832	3 
833	6 
834	7 
835	5 
836	6 
837	15 
838	16 
839	12 
840	14 
841	16 
842	7 
843	2 
844	18 
845	18 
846	2 
847	3 
848	10 
849	13 
850	17 
851	1 
852	5 
853	6 
854	5 
855	1 
856	16 
857	17 
858	15 
859	15 
860	6 
861	2 
862	1 
863	13 
864	5 
865	14 
866	4 
867	17 
868	17 
869	5 
870	16 
871	10 
872	15 
873	10 
874	12 
875	16 
876	10 
877	9 
878	4 
879	4 
880	11 
881	14 
882	17 
883	10 
884	16 
885	1 
886	1 
887	16 
888	13 
889	5 
890	17 
891	13 
892	12 
893	12 
894	13 
895	10 
896	10 
897	3 
898	18 
899	12 
900	6 
901	12 
902	16 
903	10 
904	14 
905	5 
906	13 
907	9 
908	5 
909	3 
910	13 
911	4 
912	3 
913	8 
914	16 
915	18 
916	7 
917	5 
918	13 
919	15 
920	5 
921	7 
922	12 
923	12 
924	4 
925	9 
926	18 
927	11 
928	10 
929	5 
930	7 
931	4 
932	18 
933	16 
934	18 
935	5 
936	13 
937	7 
938	7 
939	18 
940	5 
941	16 
942	16 
943	8 
944	9 
945	12 
946	10 
947	8 
948	7 
949	9 
950	3 
951	14 
952	4 
953	10 
954	14 
955	4 
956	6 
957	16 
958	4 
959	18 
960	16 
961	12 
962	5 
963	11 
964	16 
965	9 
966	11 
967	13 
968	5 
969	18 
970	13 
971	15 
972	5 
973	16 
974	10 
975	10 
976	5 
977	14 
978	13 
979	3 
980	10 
981	13 
982	16 
983	10 
984	16 
985	10 
986	17 
987	15 
988	5 
989	7 
990	7 
991	16 
992	13 
993	14 
994	10 
995	5 
996	18 
997	8 
998	12 
999	3 
1000	13 
