1	17 
2	14 
3	3 
4	14 
5	10 
6	6 
7	11 
8	17 
9	16 
10	2 
11	10 
12	9 
13	10 
14	8 
15	12 
16	14 
17	15 
18	10 
19	18 
20	16 
21	15 
22	16 
23	14 
24	10 
25	1 
26	16 
27	11 
28	5 
29	16 
30	17 
31	10 
32	14 
33	9 
34	20 
35	19 
36	20 
37	1 
38	3 
39	10 
40	17 
41	10 
42	3 
43	20 
44	15 
45	1 
46	3 
47	7 
48	8 
49	9 
50	7 
51	1 
52	10 
53	2 
54	5 
55	16 
56	12 
57	7 
58	12 
59	11 
60	16 
61	7 
62	16 
63	12 
64	16 
65	13 
66	16 
67	9 
68	4 
69	7 
70	19 
71	8 
72	16 
73	3 
74	7 
75	3 
76	8 
77	2 
78	1 
79	12 
80	20 
81	16 
82	15 
83	20 
84	12 
85	6 
86	18 
87	14 
88	13 
89	14 
90	20 
91	7 
92	7 
93	20 
94	12 
95	6 
96	14 
97	20 
98	16 
99	15 
100	17 
101	4 
102	12 
103	11 
104	10 
105	16 
106	18 
107	3 
108	9 
109	2 
110	7 
111	16 
112	17 
113	9 
114	15 
115	1 
116	5 
117	3 
118	15 
119	20 
120	14 
121	1 
122	9 
123	4 
124	12 
125	11 
126	17 
127	8 
128	7 
129	3 
130	20 
131	20 
132	7 
133	2 
134	12 
135	14 
136	6 
137	6 
138	6 
139	9 
140	2 
141	4 
142	14 
143	12 
144	7 
145	16 
146	10 
147	5 
148	14 
149	11 
150	9 
151	14 
152	5 
153	16 
154	13 
155	14 
156	12 
157	6 
158	3 
159	6 
160	3 
161	12 
162	14 
163	19 
164	14 
165	1 
166	5 
167	5 
168	3 
169	15 
170	18 
171	18 
172	5 
173	10 
174	3 
175	19 
176	9 
177	7 
178	7 
179	7 
180	10 
181	14 
182	18 
183	4 
184	2 
185	1 
186	18 
187	8 
188	1 
189	6 
190	17 
191	2 
192	4 
193	17 
194	17 
195	19 
196	9 
197	10 
198	16 
199	3 
200	12 
201	14 
202	12 
203	4 
204	1 
205	12 
206	16 
207	12 
208	16 
209	10 
210	14 
211	17 
212	1 
213	16 
214	14 
215	16 
216	14 
217	3 
218	12 
219	20 
220	12 
221	19 
222	10 
223	2 
224	12 
225	10 
226	17 
227	6 
228	18 
229	16 
230	17 
231	18 
232	20 
233	10 
234	16 
235	20 
236	10 
237	7 
238	4 
239	7 
240	12 
241	13 
242	11 
243	20 
244	16 
245	18 
246	14 
247	12 
248	12 
249	18 
250	13 
251	20 
252	17 
253	2 
254	12 
255	11 
256	12 
257	18 
258	14 
259	16 
260	10 
261	12 
262	8 
263	5 
264	13 
265	18 
266	16 
267	15 
268	18 
269	3 
270	3 
271	18 
272	4 
273	17 
274	6 
275	12 
276	11 
277	14 
278	11 
279	17 
280	2 
281	9 
282	7 
283	16 
284	7 
285	5 
286	12 
287	1 
288	14 
289	3 
290	20 
291	17 
292	7 
293	10 
294	4 
295	15 
296	11 
297	12 
298	20 
299	14 
300	20 
301	3 
302	7 
303	2 
304	7 
305	3 
306	11 
307	16 
308	1 
309	19 
310	16 
311	17 
312	13 
313	14 
314	12 
315	12 
316	20 
317	17 
318	20 
319	19 
320	10 
321	10 
322	2 
323	1 
324	18 
325	7 
326	20 
327	9 
328	2 
329	16 
330	20 
331	5 
332	16 
333	18 
334	2 
335	20 
336	3 
337	14 
338	1 
339	14 
340	14 
341	8 
342	7 
343	17 
344	15 
345	1 
346	11 
347	15 
348	4 
349	2 
350	10 
351	12 
352	17 
353	17 
354	15 
355	1 
356	17 
357	17 
358	11 
359	8 
360	8 
361	7 
362	10 
363	7 
364	14 
365	12 
366	2 
367	20 
368	10 
369	20 
370	3 
371	7 
372	18 
373	16 
374	3 
375	16 
376	20 
377	2 
378	17 
379	14 
380	10 
381	8 
382	12 
383	3 
384	10 
385	12 
386	20 
387	12 
388	7 
389	10 
390	1 
391	10 
392	3 
393	16 
394	3 
395	16 
396	13 
397	14 
398	7 
399	19 
400	17 
401	11 
402	3 
403	7 
404	11 
405	12 
406	14 
407	10 
408	16 
409	17 
410	17 
411	17 
412	15 
413	14 
414	16 
415	9 
416	10 
417	15 
418	14 
419	17 
420	17 
421	4 
422	12 
423	9 
424	12 
425	16 
426	8 
427	12 
428	3 
429	17 
430	7 
431	18 
432	18 
433	4 
434	14 
435	8 
436	17 
437	1 
438	12 
439	11 
440	3 
441	7 
442	16 
443	4 
444	14 
445	3 
446	16 
447	10 
448	3 
449	16 
450	16 
451	18 
452	5 
453	18 
454	6 
455	16 
456	7 
457	12 
458	10 
459	18 
460	14 
461	10 
462	12 
463	9 
464	17 
465	20 
466	16 
467	19 
468	20 
469	1 
470	10 
471	8 
472	12 
473	18 
474	20 
475	5 
476	17 
477	10 
478	17 
479	18 
480	20 
481	5 
482	7 
483	5 
484	18 
485	1 
486	4 
487	17 
488	16 
489	12 
490	1 
491	12 
492	18 
493	18 
494	10 
495	10 
496	7 
497	3 
498	1 
499	3 
500	13 
501	10 
502	5 
503	16 
504	19 
505	4 
506	18 
507	15 
508	19 
509	10 
510	3 
511	7 
512	19 
513	17 
514	12 
515	20 
516	4 
517	20 
518	13 
519	17 
520	1 
521	7 
522	17 
523	3 
524	13 
525	14 
526	17 
527	16 
528	17 
529	7 
530	10 
531	12 
532	12 
533	15 
534	12 
535	18 
536	20 
537	11 
538	18 
539	19 
540	3 
541	1 
542	7 
543	12 
544	6 
545	8 
546	19 
547	14 
548	12 
549	16 
550	7 
551	12 
552	17 
553	7 
554	3 
555	20 
556	18 
557	18 
558	1 
559	15 
560	13 
561	19 
562	2 
563	14 
564	4 
565	17 
566	9 
567	3 
568	7 
569	10 
570	10 
571	20 
572	11 
573	3 
574	1 
575	6 
576	9 
577	20 
578	17 
579	6 
580	3 
581	3 
582	12 
583	4 
584	12 
585	12 
586	7 
587	10 
588	1 
589	16 
590	4 
591	7 
592	14 
593	19 
594	12 
595	12 
596	7 
597	16 
598	4 
599	12 
600	1 
601	7 
602	14 
603	16 
604	15 
605	3 
606	13 
607	7 
608	18 
609	3 
610	20 
611	12 
612	1 
613	16 
614	2 
615	12 
616	13 
617	16 
618	1 
619	20 
620	17 
621	16 
622	2 
623	13 
624	5 
625	9 
626	6 
627	7 
628	10 
629	17 
630	10 
631	18 
632	10 
633	13 
634	18 
635	12 
636	15 
637	2 
638	20 
639	13 
640	15 
641	19 
642	11 
643	11 
644	5 
645	1 
646	12 
647	12 
648	1 
649	14 
650	1 
651	16 
652	10 
653	1 
654	7 
655	6 
656	14 
657	20 
658	4 
659	10 
660	18 
661	12 
662	16 
663	1 
664	2 
665	1 
666	12 
667	16 
668	3 
669	7 
670	16 
671	6 
672	4 
673	16 
674	20 
675	13 
676	16 
677	19 
678	6 
679	16 
680	7 
681	19 
682	2 
683	12 
684	3 
685	8 
686	11 
687	3 
688	19 
689	8 
690	18 
691	12 
692	7 
693	18 
694	5 
695	17 
696	2 
697	14 
698	14 
699	5 
700	9 
701	20 
702	9 
703	10 
704	13 
705	20 
706	13 
707	7 
708	7 
709	3 
710	3 
711	14 
712	16 
713	10 
714	1 
715	18 
716	10 
717	20 
718	13 
719	3 
720	20 
721	20 
722	19 
723	19 
724	3 
725	9 
726	4 
727	11 
728	8 
729	10 
730	19 
731	1 
732	3 
733	1 
734	16 
735	10 
736	12 
737	20 
738	18 
739	8 
740	12 
741	20 
742	17 
743	1 
744	14 
745	15 
746	3 
747	7 
748	13 
749	1 
750	11 
751	16 
752	20 
753	4 
754	7 
755	6 
756	13 
757	12 
758	12 
759	3 
760	19 
761	10 
762	4 
763	19 
764	5 
765	5 
766	16 
767	9 
768	12 
769	8 
770	12 
771	8 
772	17 
773	9 
774	7 
775	13 
776	1 
777	7 
778	12 
779	6 
780	14 
781	1 
782	12 
783	3 
784	16 
785	20 
786	10 
787	17 
788	7 
789	10 
790	17 
791	17 
792	1 
793	16 
794	18 
795	4 
796	14 
797	17 
798	3 
799	12 
800	19 
801	10 
802	14 
803	8 
804	20 
805	6 
806	5 
807	3 
808	9 
809	12 
810	17 
811	16 
812	20 
813	3 
814	16 
815	6 
816	12 
817	7 
818	16 
819	18 
820	4 
821	7 
822	10 
823	18 
824	14 
825	8 
826	12 
827	15 
828	14 
829	18 
830	17 
831	11 
832	9 
833	11 
834	20 
835	1 
836	16 
837	9 
838	16 
839	1 
840	7 
841	16 
842	6 
843	16 
844	16 
845	16 
846	2 
847	18 
848	3 
849	5 
850	3 
851	16 
852	12 
853	16 
854	9 
855	12 
856	20 
857	16 
858	20 
859	3 
860	9 
861	19 
862	5 
863	5 
864	18 
865	18 
866	17 
867	12 
868	16 
869	20 
870	17 
871	18 
872	16 
873	10 
874	3 
875	12 
876	7 
877	12 
878	7 
879	11 
880	16 
881	3 
882	5 
883	12 
884	3 
885	14 
886	16 
887	4 
888	3 
889	18 
890	12 
891	12 
892	12 
893	17 
894	2 
895	14 
896	17 
897	18 
898	2 
899	18 
900	10 
901	1 
902	9 
903	17 
904	16 
905	14 
906	17 
907	2 
908	18 
909	16 
910	7 
911	11 
912	14 
913	7 
914	12 
915	14 
916	19 
917	16 
918	12 
919	18 
920	10 
921	12 
922	20 
923	17 
924	4 
925	20 
926	7 
927	3 
928	16 
929	2 
930	1 
931	1 
932	3 
933	7 
934	12 
935	18 
936	18 
937	12 
938	20 
939	10 
940	16 
941	12 
942	7 
943	16 
944	18 
945	20 
946	18 
947	20 
948	10 
949	9 
950	18 
951	1 
952	12 
953	4 
954	7 
955	16 
956	18 
957	4 
958	20 
959	7 
960	14 
961	3 
962	7 
963	18 
964	3 
965	9 
966	16 
967	12 
968	1 
969	7 
970	10 
971	16 
972	7 
973	12 
974	1 
975	14 
976	16 
977	18 
978	1 
979	20 
980	14 
981	12 
982	9 
983	3 
984	18 
985	7 
986	17 
987	17 
988	9 
989	20 
990	7 
991	17 
992	20 
993	10 
994	1 
995	20 
996	16 
997	3 
998	20 
999	12 
1000	20 
