1	9 
2	13 
3	5 
4	12 
5	10 
6	8 
7	14 
8	13 
9	8 
10	4 
11	7 
12	16 
13	13 
14	16 
15	13 
16	10 
17	7 
18	8 
19	8 
20	1 
21	16 
22	5 
23	16 
24	8 
25	3 
26	1 
27	14 
28	17 
29	3 
30	9 
31	4 
32	6 
33	2 
34	2 
35	15 
36	16 
37	3 
38	5 
39	6 
40	13 
41	5 
42	19 
43	18 
44	12 
45	4 
46	6 
47	18 
48	6 
49	11 
50	16 
51	5 
52	5 
53	19 
54	8 
55	14 
56	5 
57	2 
58	7 
59	13 
60	7 
61	13 
62	11 
63	4 
64	9 
65	13 
66	17 
67	10 
68	9 
69	7 
70	19 
71	7 
72	19 
73	13 
74	3 
75	7 
76	10 
77	17 
78	12 
79	17 
80	6 
81	8 
82	5 
83	5 
84	18 
85	15 
86	5 
87	6 
88	2 
89	19 
90	15 
91	11 
92	6 
93	19 
94	13 
95	5 
96	18 
97	4 
98	6 
99	15 
100	16 
101	12 
102	8 
103	5 
104	13 
105	8 
106	9 
107	9 
108	8 
109	6 
110	3 
111	5 
112	13 
113	11 
114	13 
115	2 
116	2 
117	1 
118	13 
119	13 
120	13 
121	11 
122	8 
123	16 
124	16 
125	18 
126	1 
127	14 
128	14 
129	19 
130	14 
131	13 
132	17 
133	11 
134	19 
135	2 
136	17 
137	6 
138	16 
139	19 
140	16 
141	14 
142	2 
143	6 
144	14 
145	19 
146	5 
147	19 
148	8 
149	6 
150	15 
151	13 
152	5 
153	5 
154	13 
155	14 
156	4 
157	17 
158	15 
159	18 
160	12 
161	2 
162	5 
163	1 
164	1 
165	2 
166	9 
167	6 
168	14 
169	13 
170	2 
171	11 
172	13 
173	15 
174	18 
175	5 
176	8 
177	13 
178	14 
179	16 
180	15 
181	7 
182	12 
183	14 
184	5 
185	5 
186	3 
187	10 
188	6 
189	3 
190	1 
191	8 
192	6 
193	12 
194	16 
195	8 
196	7 
197	5 
198	16 
199	17 
200	11 
201	18 
202	7 
203	12 
204	8 
205	8 
206	5 
207	13 
208	8 
209	2 
210	2 
211	5 
212	16 
213	3 
214	13 
215	10 
216	11 
217	18 
218	7 
219	10 
220	15 
221	8 
222	16 
223	13 
224	16 
225	8 
226	5 
227	16 
228	11 
229	18 
230	12 
231	5 
232	14 
233	8 
234	16 
235	5 
236	19 
237	5 
238	11 
239	4 
240	5 
241	10 
242	17 
243	8 
244	16 
245	14 
246	5 
247	19 
248	13 
249	17 
250	14 
251	10 
252	9 
253	6 
254	14 
255	1 
256	11 
257	6 
258	5 
259	11 
260	13 
261	14 
262	4 
263	19 
264	8 
265	8 
266	5 
267	18 
268	6 
269	7 
270	18 
271	15 
272	2 
273	16 
274	4 
275	6 
276	12 
277	3 
278	17 
279	9 
280	12 
281	17 
282	17 
283	18 
284	13 
285	14 
286	10 
287	5 
288	8 
289	5 
290	15 
291	2 
292	12 
293	9 
294	5 
295	9 
296	1 
297	4 
298	13 
299	8 
300	18 
301	6 
302	11 
303	5 
304	8 
305	5 
306	7 
307	8 
308	9 
309	15 
310	5 
311	17 
312	5 
313	19 
314	13 
315	19 
316	19 
317	4 
318	5 
319	13 
320	5 
321	2 
322	4 
323	7 
324	9 
325	13 
326	13 
327	8 
328	2 
329	2 
330	1 
331	19 
332	13 
333	19 
334	8 
335	11 
336	10 
337	10 
338	15 
339	19 
340	11 
341	8 
342	15 
343	18 
344	11 
345	5 
346	13 
347	5 
348	5 
349	12 
350	13 
351	13 
352	3 
353	17 
354	14 
355	1 
356	15 
357	10 
358	17 
359	17 
360	6 
361	15 
362	16 
363	14 
364	14 
365	8 
366	8 
367	17 
368	13 
369	11 
370	3 
371	1 
372	8 
373	17 
374	17 
375	17 
376	15 
377	19 
378	16 
379	19 
380	11 
381	19 
382	16 
383	10 
384	2 
385	12 
386	17 
387	12 
388	16 
389	15 
390	5 
391	10 
392	16 
393	10 
394	6 
395	9 
396	13 
397	6 
398	4 
399	13 
400	13 
401	1 
402	18 
403	5 
404	17 
405	4 
406	9 
407	18 
408	5 
409	16 
410	17 
411	17 
412	8 
413	17 
414	11 
415	1 
416	11 
417	13 
418	1 
419	1 
420	8 
421	6 
422	16 
423	16 
424	8 
425	17 
426	16 
427	18 
428	10 
429	2 
430	9 
431	17 
432	16 
433	7 
434	6 
435	19 
436	8 
437	14 
438	8 
439	16 
440	11 
441	7 
442	5 
443	17 
444	9 
445	17 
446	10 
447	7 
448	11 
449	4 
450	7 
451	17 
452	2 
453	17 
454	8 
455	15 
456	16 
457	8 
458	17 
459	17 
460	8 
461	12 
462	11 
463	2 
464	18 
465	15 
466	3 
467	5 
468	6 
469	3 
470	10 
471	5 
472	2 
473	3 
474	16 
475	13 
476	5 
477	16 
478	5 
479	11 
480	17 
481	12 
482	12 
483	17 
484	9 
485	9 
486	7 
487	3 
488	2 
489	4 
490	11 
491	6 
492	4 
493	13 
494	13 
495	2 
496	6 
497	5 
498	13 
499	8 
500	6 
501	8 
502	10 
503	15 
504	12 
505	5 
506	10 
507	5 
508	16 
509	19 
510	7 
511	16 
512	19 
513	6 
514	15 
515	10 
516	6 
517	15 
518	7 
519	3 
520	19 
521	16 
522	19 
523	8 
524	15 
525	8 
526	4 
527	12 
528	18 
529	1 
530	19 
531	12 
532	13 
533	17 
534	11 
535	5 
536	7 
537	18 
538	7 
539	4 
540	11 
541	8 
542	16 
543	10 
544	12 
545	17 
546	13 
547	3 
548	13 
549	18 
550	12 
551	18 
552	9 
553	4 
554	10 
555	18 
556	10 
557	13 
558	4 
559	19 
560	9 
561	11 
562	19 
563	5 
564	10 
565	15 
566	4 
567	13 
568	11 
569	12 
570	13 
571	19 
572	17 
573	10 
574	6 
575	13 
576	15 
577	17 
578	19 
579	10 
580	8 
581	2 
582	13 
583	6 
584	6 
585	9 
586	10 
587	11 
588	16 
589	9 
590	5 
591	18 
592	5 
593	8 
594	16 
595	11 
596	1 
597	10 
598	2 
599	13 
600	7 
601	14 
602	7 
603	8 
604	13 
605	13 
606	1 
607	3 
608	13 
609	7 
610	16 
611	18 
612	9 
613	1 
614	3 
615	5 
616	11 
617	4 
618	19 
619	14 
620	5 
621	16 
622	3 
623	10 
624	3 
625	2 
626	8 
627	5 
628	12 
629	7 
630	12 
631	19 
632	13 
633	10 
634	11 
635	4 
636	6 
637	14 
638	10 
639	7 
640	12 
641	3 
642	6 
643	15 
644	1 
645	10 
646	14 
647	18 
648	19 
649	19 
650	17 
651	6 
652	12 
653	3 
654	4 
655	18 
656	12 
657	14 
658	4 
659	5 
660	13 
661	1 
662	8 
663	8 
664	13 
665	2 
666	16 
667	16 
668	1 
669	5 
670	6 
671	18 
672	19 
673	16 
674	9 
675	8 
676	13 
677	8 
678	8 
679	19 
680	5 
681	9 
682	13 
683	5 
684	4 
685	13 
686	14 
687	4 
688	13 
689	19 
690	8 
691	5 
692	15 
693	2 
694	4 
695	18 
696	19 
697	6 
698	17 
699	13 
700	13 
701	6 
702	13 
703	5 
704	18 
705	5 
706	16 
707	13 
708	11 
709	10 
710	15 
711	9 
712	11 
713	10 
714	8 
715	16 
716	9 
717	14 
718	13 
719	2 
720	9 
721	6 
722	5 
723	19 
724	14 
725	8 
726	4 
727	9 
728	16 
729	6 
730	4 
731	2 
732	15 
733	18 
734	19 
735	2 
736	6 
737	9 
738	18 
739	4 
740	14 
741	9 
742	4 
743	8 
744	8 
745	11 
746	19 
747	15 
748	11 
749	19 
750	8 
751	5 
752	15 
753	14 
754	13 
755	6 
756	11 
757	5 
758	14 
759	5 
760	17 
761	2 
762	10 
763	9 
764	9 
765	16 
766	17 
767	13 
768	13 
769	12 
770	7 
771	14 
772	15 
773	10 
774	19 
775	19 
776	9 
777	16 
778	19 
779	8 
780	4 
781	12 
782	16 
783	9 
784	8 
785	14 
786	5 
787	7 
788	17 
789	8 
790	14 
791	16 
792	11 
793	15 
794	18 
795	13 
796	8 
797	5 
798	12 
799	10 
800	19 
801	11 
802	10 
803	9 
804	17 
805	10 
806	12 
807	7 
808	15 
809	9 
810	5 
811	13 
812	14 
813	4 
814	13 
815	2 
816	7 
817	5 
818	6 
819	15 
820	8 
821	16 
822	14 
823	17 
824	9 
825	5 
826	17 
827	7 
828	14 
829	19 
830	16 
831	8 
832	17 
833	8 
834	2 
835	15 
836	2 
837	17 
838	8 
839	10 
840	19 
841	19 
842	18 
843	8 
844	9 
845	18 
846	12 
847	13 
848	9 
849	8 
850	8 
851	5 
852	4 
853	4 
854	14 
855	15 
856	9 
857	8 
858	8 
859	17 
860	11 
861	14 
862	5 
863	14 
864	11 
865	19 
866	19 
867	10 
868	8 
869	17 
870	11 
871	8 
872	2 
873	14 
874	12 
875	4 
876	17 
877	4 
878	6 
879	14 
880	12 
881	19 
882	8 
883	14 
884	10 
885	8 
886	4 
887	5 
888	9 
889	17 
890	19 
891	19 
892	9 
893	5 
894	11 
895	15 
896	8 
897	13 
898	16 
899	19 
900	17 
901	5 
902	8 
903	14 
904	16 
905	14 
906	8 
907	8 
908	14 
909	4 
910	5 
911	17 
912	14 
913	5 
914	15 
915	9 
916	8 
917	9 
918	17 
919	19 
920	5 
921	11 
922	19 
923	11 
924	6 
925	15 
926	5 
927	9 
928	13 
929	9 
930	15 
931	16 
932	5 
933	17 
934	13 
935	9 
936	8 
937	6 
938	9 
939	16 
940	5 
941	19 
942	6 
943	6 
944	9 
945	6 
946	9 
947	16 
948	8 
949	14 
950	9 
951	10 
952	9 
953	11 
954	17 
955	16 
956	14 
957	17 
958	13 
959	8 
960	5 
961	13 
962	10 
963	17 
964	14 
965	11 
966	13 
967	10 
968	16 
969	8 
970	19 
971	6 
972	6 
973	14 
974	16 
975	17 
976	9 
977	5 
978	14 
979	19 
980	14 
981	8 
982	14 
983	10 
984	10 
985	17 
986	5 
987	9 
988	13 
989	19 
990	14 
991	5 
992	5 
993	17 
994	14 
995	13 
996	8 
997	14 
998	14 
999	13 
1000	13 
