1	11 
2	12 
3	3 
4	4 
5	13 
6	7 
7	2 
8	7 
9	3 
10	13 
11	9 
12	8 
13	7 
14	11 
15	3 
16	14 
17	15 
18	15 
19	15 
20	13 
21	3 
22	6 
23	17 
24	11 
25	9 
26	16 
27	12 
28	3 
29	12 
30	3 
31	13 
32	13 
33	9 
34	11 
35	9 
36	8 
37	17 
38	4 
39	2 
40	2 
41	12 
42	10 
43	14 
44	13 
45	8 
46	18 
47	13 
48	17 
49	3 
50	15 
51	12 
52	13 
53	13 
54	16 
55	3 
56	14 
57	8 
58	4 
59	13 
60	4 
61	11 
62	4 
63	11 
64	13 
65	3 
66	17 
67	11 
68	2 
69	8 
70	2 
71	1 
72	15 
73	3 
74	12 
75	8 
76	7 
77	11 
78	5 
79	13 
80	8 
81	9 
82	12 
83	12 
84	8 
85	12 
86	1 
87	9 
88	12 
89	12 
90	4 
91	8 
92	9 
93	2 
94	8 
95	5 
96	4 
97	15 
98	12 
99	15 
100	2 
101	9 
102	18 
103	15 
104	9 
105	8 
106	1 
107	7 
108	7 
109	4 
110	5 
111	14 
112	2 
113	1 
114	8 
115	6 
116	5 
117	4 
118	10 
119	3 
120	3 
121	12 
122	12 
123	12 
124	17 
125	5 
126	3 
127	14 
128	8 
129	18 
130	14 
131	4 
132	5 
133	11 
134	16 
135	5 
136	7 
137	2 
138	3 
139	14 
140	11 
141	17 
142	11 
143	13 
144	13 
145	15 
146	8 
147	11 
148	14 
149	4 
150	14 
151	4 
152	4 
153	17 
154	8 
155	3 
156	4 
157	4 
158	3 
159	6 
160	6 
161	18 
162	2 
163	14 
164	2 
165	18 
166	7 
167	16 
168	2 
169	14 
170	5 
171	9 
172	3 
173	1 
174	2 
175	8 
176	13 
177	11 
178	8 
179	3 
180	11 
181	17 
182	15 
183	12 
184	4 
185	13 
186	12 
187	3 
188	1 
189	11 
190	16 
191	10 
192	2 
193	13 
194	3 
195	12 
196	12 
197	18 
198	8 
199	5 
200	17 
201	13 
202	3 
203	2 
204	8 
205	8 
206	6 
207	18 
208	9 
209	6 
210	13 
211	9 
212	4 
213	3 
214	13 
215	12 
216	12 
217	14 
218	13 
219	5 
220	13 
221	9 
222	4 
223	15 
224	1 
225	17 
226	10 
227	3 
228	7 
229	1 
230	13 
231	13 
232	14 
233	5 
234	14 
235	6 
236	5 
237	15 
238	18 
239	17 
240	6 
241	8 
242	7 
243	7 
244	18 
245	13 
246	18 
247	9 
248	9 
249	13 
250	5 
251	17 
252	3 
253	15 
254	1 
255	3 
256	6 
257	12 
258	14 
259	5 
260	3 
261	13 
262	11 
263	7 
264	4 
265	1 
266	7 
267	2 
268	5 
269	7 
270	17 
271	12 
272	8 
273	2 
274	3 
275	13 
276	3 
277	9 
278	12 
279	15 
280	18 
281	8 
282	14 
283	13 
284	3 
285	4 
286	2 
287	3 
288	8 
289	8 
290	5 
291	3 
292	9 
293	8 
294	4 
295	3 
296	9 
297	11 
298	16 
299	12 
300	16 
301	1 
302	6 
303	14 
304	3 
305	13 
306	4 
307	2 
308	10 
309	16 
310	7 
311	8 
312	8 
313	8 
314	9 
315	5 
316	8 
317	2 
318	5 
319	8 
320	13 
321	3 
322	4 
323	8 
324	3 
325	13 
326	8 
327	13 
328	2 
329	3 
330	9 
331	16 
332	11 
333	4 
334	14 
335	9 
336	16 
337	11 
338	4 
339	5 
340	4 
341	13 
342	13 
343	3 
344	13 
345	2 
346	18 
347	13 
348	8 
349	2 
350	13 
351	3 
352	2 
353	3 
354	14 
355	13 
356	15 
357	7 
358	13 
359	4 
360	17 
361	13 
362	3 
363	9 
364	3 
365	7 
366	13 
367	14 
368	3 
369	9 
370	15 
371	10 
372	17 
373	6 
374	13 
375	14 
376	13 
377	6 
378	14 
379	11 
380	7 
381	13 
382	13 
383	7 
384	15 
385	15 
386	4 
387	12 
388	16 
389	9 
390	12 
391	14 
392	8 
393	8 
394	2 
395	5 
396	10 
397	10 
398	3 
399	13 
400	13 
401	7 
402	1 
403	6 
404	12 
405	16 
406	9 
407	8 
408	5 
409	5 
410	5 
411	8 
412	2 
413	13 
414	13 
415	10 
416	6 
417	5 
418	12 
419	13 
420	6 
421	3 
422	8 
423	17 
424	12 
425	2 
426	12 
427	13 
428	8 
429	9 
430	1 
431	4 
432	8 
433	1 
434	10 
435	7 
436	6 
437	17 
438	13 
439	5 
440	12 
441	5 
442	7 
443	2 
444	10 
445	6 
446	7 
447	12 
448	1 
449	4 
450	7 
451	15 
452	10 
453	11 
454	17 
455	12 
456	5 
457	13 
458	2 
459	14 
460	8 
461	17 
462	10 
463	15 
464	13 
465	14 
466	4 
467	18 
468	14 
469	6 
470	3 
471	4 
472	2 
473	4 
474	15 
475	8 
476	5 
477	13 
478	8 
479	8 
480	6 
481	4 
482	4 
483	8 
484	5 
485	3 
486	7 
487	7 
488	12 
489	14 
490	13 
491	15 
492	7 
493	8 
494	11 
495	4 
496	5 
497	16 
498	5 
499	12 
500	3 
501	10 
502	6 
503	15 
504	15 
505	17 
506	7 
507	10 
508	9 
509	3 
510	5 
511	14 
512	3 
513	3 
514	3 
515	12 
516	4 
517	8 
518	15 
519	8 
520	4 
521	10 
522	8 
523	3 
524	9 
525	18 
526	16 
527	5 
528	11 
529	10 
530	18 
531	9 
532	3 
533	5 
534	18 
535	17 
536	14 
537	13 
538	1 
539	7 
540	3 
541	1 
542	8 
543	1 
544	4 
545	16 
546	5 
547	2 
548	18 
549	8 
550	2 
551	17 
552	6 
553	5 
554	6 
555	5 
556	14 
557	18 
558	11 
559	18 
560	4 
561	4 
562	14 
563	13 
564	3 
565	17 
566	10 
567	17 
568	3 
569	8 
570	13 
571	3 
572	5 
573	13 
574	12 
575	8 
576	12 
577	15 
578	4 
579	12 
580	4 
581	8 
582	4 
583	9 
584	14 
585	18 
586	6 
587	16 
588	4 
589	12 
590	3 
591	11 
592	13 
593	9 
594	12 
595	1 
596	15 
597	2 
598	6 
599	14 
600	2 
601	4 
602	18 
603	15 
604	16 
605	11 
606	8 
607	8 
608	15 
609	1 
610	8 
611	5 
612	15 
613	7 
614	8 
615	15 
616	18 
617	15 
618	9 
619	12 
620	2 
621	5 
622	5 
623	9 
624	15 
625	11 
626	12 
627	9 
628	15 
629	9 
630	8 
631	17 
632	7 
633	4 
634	3 
635	6 
636	3 
637	3 
638	13 
639	16 
640	8 
641	8 
642	8 
643	16 
644	3 
645	9 
646	8 
647	14 
648	4 
649	15 
650	17 
651	15 
652	1 
653	17 
654	13 
655	1 
656	17 
657	6 
658	2 
659	16 
660	15 
661	1 
662	2 
663	13 
664	14 
665	6 
666	8 
667	4 
668	15 
669	18 
670	17 
671	4 
672	4 
673	16 
674	10 
675	12 
676	8 
677	13 
678	5 
679	8 
680	17 
681	3 
682	18 
683	1 
684	2 
685	8 
686	12 
687	14 
688	10 
689	3 
690	10 
691	8 
692	9 
693	4 
694	3 
695	3 
696	9 
697	10 
698	1 
699	1 
700	9 
701	3 
702	7 
703	5 
704	6 
705	9 
706	17 
707	17 
708	3 
709	8 
710	9 
711	5 
712	13 
713	13 
714	8 
715	5 
716	10 
717	8 
718	5 
719	9 
720	18 
721	4 
722	4 
723	4 
724	8 
725	15 
726	12 
727	9 
728	12 
729	10 
730	11 
731	7 
732	14 
733	3 
734	6 
735	5 
736	7 
737	3 
738	1 
739	12 
740	4 
741	18 
742	7 
743	17 
744	1 
745	17 
746	9 
747	1 
748	15 
749	14 
750	14 
751	8 
752	1 
753	4 
754	1 
755	7 
756	8 
757	4 
758	4 
759	18 
760	1 
761	17 
762	18 
763	1 
764	3 
765	13 
766	7 
767	13 
768	8 
769	13 
770	11 
771	17 
772	14 
773	6 
774	7 
775	4 
776	8 
777	12 
778	9 
779	5 
780	17 
781	8 
782	13 
783	18 
784	9 
785	12 
786	15 
787	15 
788	18 
789	11 
790	12 
791	15 
792	6 
793	3 
794	15 
795	13 
796	9 
797	13 
798	17 
799	3 
800	13 
801	13 
802	8 
803	1 
804	3 
805	12 
806	2 
807	13 
808	2 
809	15 
810	3 
811	5 
812	2 
813	13 
814	5 
815	18 
816	8 
817	13 
818	3 
819	13 
820	17 
821	6 
822	17 
823	17 
824	17 
825	2 
826	12 
827	15 
828	14 
829	8 
830	15 
831	5 
832	9 
833	17 
834	4 
835	17 
836	6 
837	14 
838	3 
839	9 
840	17 
841	8 
842	3 
843	13 
844	5 
845	12 
846	17 
847	5 
848	11 
849	18 
850	18 
851	4 
852	13 
853	4 
854	5 
855	12 
856	5 
857	14 
858	6 
859	3 
860	7 
861	14 
862	17 
863	3 
864	13 
865	18 
866	1 
867	12 
868	6 
869	5 
870	5 
871	7 
872	9 
873	18 
874	14 
875	18 
876	5 
877	9 
878	15 
879	9 
880	3 
881	6 
882	13 
883	13 
884	2 
885	15 
886	5 
887	3 
888	1 
889	8 
890	3 
891	5 
892	5 
893	14 
894	8 
895	12 
896	12 
897	8 
898	5 
899	8 
900	8 
901	15 
902	1 
903	17 
904	3 
905	3 
906	15 
907	8 
908	8 
909	8 
910	1 
911	3 
912	13 
913	5 
914	14 
915	5 
916	17 
917	3 
918	8 
919	17 
920	13 
921	4 
922	9 
923	8 
924	5 
925	4 
926	8 
927	15 
928	15 
929	4 
930	3 
931	9 
932	9 
933	3 
934	2 
935	3 
936	14 
937	4 
938	3 
939	9 
940	3 
941	9 
942	2 
943	3 
944	12 
945	8 
946	15 
947	4 
948	17 
949	3 
950	12 
951	17 
952	13 
953	15 
954	14 
955	17 
956	14 
957	9 
958	8 
959	4 
960	4 
961	3 
962	5 
963	12 
964	4 
965	13 
966	14 
967	3 
968	3 
969	13 
970	13 
971	8 
972	2 
973	9 
974	8 
975	3 
976	15 
977	9 
978	4 
979	9 
980	17 
981	8 
982	8 
983	9 
984	13 
985	12 
986	17 
987	4 
988	13 
989	14 
990	4 
991	9 
992	4 
993	5 
994	5 
995	5 
996	3 
997	13 
998	13 
999	4 
1000	3 
