1	12 
2	13 
3	2 
4	23 
5	9 
6	21 
7	23 
8	13 
9	17 
10	4 
11	11 
12	6 
13	13 
14	23 
15	5 
16	11 
17	16 
18	21 
19	8 
20	1 
21	16 
22	20 
23	12 
24	5 
25	6 
26	3 
27	4 
28	9 
29	20 
30	7 
31	8 
32	7 
33	1 
34	22 
35	12 
36	8 
37	1 
38	17 
39	5 
40	18 
41	1 
42	19 
43	12 
44	18 
45	8 
46	8 
47	12 
48	12 
49	23 
50	6 
51	4 
52	13 
53	2 
54	20 
55	6 
56	1 
57	6 
58	3 
59	4 
60	2 
61	6 
62	14 
63	21 
64	19 
65	16 
66	4 
67	10 
68	13 
69	18 
70	11 
71	12 
72	10 
73	8 
74	13 
75	15 
76	10 
77	10 
78	15 
79	12 
80	12 
81	13 
82	3 
83	23 
84	20 
85	7 
86	10 
87	14 
88	12 
89	1 
90	19 
91	20 
92	20 
93	16 
94	18 
95	7 
96	4 
97	18 
98	22 
99	13 
100	13 
101	3 
102	3 
103	18 
104	5 
105	9 
106	21 
107	10 
108	3 
109	8 
110	12 
111	14 
112	18 
113	11 
114	4 
115	2 
116	12 
117	16 
118	3 
119	18 
120	20 
121	6 
122	18 
123	21 
124	6 
125	20 
126	15 
127	23 
128	20 
129	16 
130	14 
131	4 
132	7 
133	23 
134	23 
135	2 
136	22 
137	16 
138	6 
139	4 
140	20 
141	23 
142	5 
143	13 
144	6 
145	1 
146	15 
147	17 
148	6 
149	9 
150	1 
151	14 
152	5 
153	13 
154	7 
155	11 
156	17 
157	6 
158	19 
159	17 
160	20 
161	22 
162	8 
163	2 
164	3 
165	18 
166	7 
167	21 
168	13 
169	16 
170	7 
171	6 
172	21 
173	21 
174	12 
175	8 
176	20 
177	12 
178	15 
179	6 
180	20 
181	14 
182	5 
183	5 
184	13 
185	16 
186	21 
187	17 
188	2 
189	14 
190	5 
191	20 
192	8 
193	18 
194	6 
195	23 
196	12 
197	3 
198	1 
199	21 
200	18 
201	21 
202	21 
203	13 
204	12 
205	15 
206	5 
207	9 
208	23 
209	12 
210	17 
211	10 
212	5 
213	2 
214	7 
215	10 
216	5 
217	23 
218	2 
219	12 
220	8 
221	21 
222	10 
223	16 
224	8 
225	7 
226	23 
227	20 
228	16 
229	20 
230	14 
231	7 
232	9 
233	23 
234	13 
235	17 
236	9 
237	13 
238	9 
239	13 
240	6 
241	14 
242	7 
243	8 
244	8 
245	22 
246	12 
247	2 
248	12 
249	1 
250	20 
251	13 
252	16 
253	6 
254	14 
255	21 
256	15 
257	11 
258	11 
259	14 
260	16 
261	12 
262	9 
263	7 
264	18 
265	19 
266	9 
267	9 
268	9 
269	2 
270	18 
271	2 
272	20 
273	9 
274	8 
275	22 
276	6 
277	19 
278	7 
279	8 
280	7 
281	23 
282	21 
283	9 
284	12 
285	22 
286	11 
287	3 
288	12 
289	13 
290	22 
291	19 
292	22 
293	17 
294	9 
295	6 
296	1 
297	20 
298	21 
299	11 
300	1 
301	6 
302	9 
303	16 
304	6 
305	15 
306	1 
307	23 
308	8 
309	12 
310	6 
311	15 
312	6 
313	13 
314	13 
315	6 
316	7 
317	9 
318	6 
319	6 
320	3 
321	7 
322	19 
323	2 
324	5 
325	12 
326	21 
327	15 
328	20 
329	23 
330	7 
331	11 
332	1 
333	23 
334	20 
335	14 
336	14 
337	5 
338	12 
339	17 
340	12 
341	23 
342	22 
343	19 
344	6 
345	6 
346	13 
347	14 
348	10 
349	7 
350	9 
351	6 
352	23 
353	22 
354	21 
355	6 
356	21 
357	6 
358	23 
359	1 
360	10 
361	19 
362	20 
363	12 
364	18 
365	16 
366	20 
367	10 
368	17 
369	20 
370	7 
371	20 
372	2 
373	17 
374	11 
375	7 
376	3 
377	14 
378	17 
379	7 
380	19 
381	19 
382	6 
383	13 
384	12 
385	6 
386	10 
387	12 
388	19 
389	7 
390	7 
391	23 
392	20 
393	8 
394	10 
395	18 
396	23 
397	16 
398	6 
399	15 
400	20 
401	17 
402	6 
403	13 
404	3 
405	15 
406	20 
407	3 
408	14 
409	7 
410	6 
411	5 
412	17 
413	23 
414	22 
415	21 
416	23 
417	23 
418	2 
419	18 
420	6 
421	12 
422	8 
423	18 
424	7 
425	23 
426	17 
427	12 
428	1 
429	6 
430	18 
431	1 
432	4 
433	9 
434	23 
435	6 
436	5 
437	9 
438	11 
439	9 
440	10 
441	12 
442	18 
443	15 
444	6 
445	23 
446	4 
447	19 
448	20 
449	19 
450	11 
451	22 
452	4 
453	20 
454	2 
455	18 
456	5 
457	20 
458	3 
459	13 
460	17 
461	10 
462	5 
463	17 
464	7 
465	11 
466	11 
467	19 
468	7 
469	6 
470	15 
471	6 
472	17 
473	5 
474	12 
475	12 
476	15 
477	19 
478	5 
479	13 
480	23 
481	20 
482	12 
483	5 
484	9 
485	4 
486	22 
487	15 
488	8 
489	17 
490	3 
491	3 
492	10 
493	12 
494	4 
495	22 
496	18 
497	1 
498	4 
499	4 
500	16 
501	12 
502	14 
503	16 
504	17 
505	12 
506	1 
507	23 
508	17 
509	18 
510	7 
511	20 
512	9 
513	16 
514	2 
515	11 
516	21 
517	23 
518	13 
519	12 
520	7 
521	11 
522	3 
523	12 
524	13 
525	15 
526	4 
527	13 
528	4 
529	23 
530	22 
531	10 
532	18 
533	14 
534	20 
535	15 
536	13 
537	3 
538	10 
539	19 
540	19 
541	23 
542	20 
543	10 
544	11 
545	9 
546	15 
547	23 
548	7 
549	19 
550	15 
551	4 
552	9 
553	15 
554	23 
555	17 
556	20 
557	5 
558	13 
559	22 
560	12 
561	12 
562	6 
563	10 
564	10 
565	12 
566	16 
567	13 
568	16 
569	22 
570	18 
571	14 
572	6 
573	5 
574	7 
575	12 
576	12 
577	22 
578	11 
579	20 
580	20 
581	6 
582	4 
583	14 
584	4 
585	1 
586	18 
587	20 
588	10 
589	22 
590	12 
591	23 
592	16 
593	13 
594	12 
595	10 
596	15 
597	20 
598	12 
599	3 
600	13 
601	17 
602	17 
603	14 
604	12 
605	1 
606	1 
607	8 
608	18 
609	4 
610	20 
611	21 
612	20 
613	10 
614	7 
615	16 
616	5 
617	3 
618	4 
619	4 
620	21 
621	16 
622	9 
623	18 
624	7 
625	5 
626	13 
627	11 
628	11 
629	12 
630	6 
631	15 
632	2 
633	12 
634	9 
635	17 
636	13 
637	6 
638	1 
639	3 
640	19 
641	21 
642	22 
643	20 
644	12 
645	21 
646	4 
647	21 
648	16 
649	23 
650	20 
651	7 
652	10 
653	12 
654	20 
655	9 
656	7 
657	13 
658	7 
659	13 
660	12 
661	18 
662	5 
663	15 
664	22 
665	3 
666	4 
667	6 
668	12 
669	9 
670	7 
671	9 
672	3 
673	22 
674	3 
675	14 
676	17 
677	4 
678	6 
679	16 
680	23 
681	5 
682	6 
683	19 
684	15 
685	10 
686	8 
687	8 
688	12 
689	14 
690	10 
691	16 
692	19 
693	3 
694	16 
695	9 
696	5 
697	6 
698	2 
699	6 
700	12 
701	19 
702	19 
703	6 
704	20 
705	2 
706	6 
707	3 
708	3 
709	2 
710	16 
711	3 
712	21 
713	22 
714	22 
715	7 
716	5 
717	5 
718	3 
719	21 
720	2 
721	6 
722	10 
723	10 
724	18 
725	6 
726	12 
727	9 
728	18 
729	20 
730	13 
731	23 
732	2 
733	4 
734	2 
735	2 
736	4 
737	3 
738	6 
739	20 
740	6 
741	16 
742	20 
743	12 
744	5 
745	12 
746	6 
747	18 
748	2 
749	15 
750	9 
751	9 
752	15 
753	7 
754	7 
755	18 
756	6 
757	15 
758	6 
759	20 
760	3 
761	12 
762	6 
763	23 
764	3 
765	5 
766	15 
767	9 
768	6 
769	7 
770	6 
771	2 
772	21 
773	10 
774	22 
775	20 
776	15 
777	4 
778	9 
779	22 
780	12 
781	3 
782	20 
783	22 
784	4 
785	7 
786	10 
787	17 
788	4 
789	22 
790	16 
791	15 
792	6 
793	6 
794	2 
795	13 
796	20 
797	2 
798	7 
799	4 
800	20 
801	21 
802	23 
803	6 
804	20 
805	7 
806	21 
807	2 
808	15 
809	16 
810	18 
811	6 
812	20 
813	3 
814	20 
815	10 
816	20 
817	22 
818	10 
819	10 
820	20 
821	2 
822	20 
823	21 
824	6 
825	15 
826	20 
827	13 
828	12 
829	2 
830	2 
831	9 
832	13 
833	18 
834	6 
835	2 
836	13 
837	20 
838	23 
839	7 
840	20 
841	18 
842	5 
843	2 
844	23 
845	20 
846	12 
847	20 
848	20 
849	21 
850	20 
851	12 
852	3 
853	13 
854	5 
855	13 
856	6 
857	6 
858	2 
859	20 
860	10 
861	7 
862	6 
863	20 
864	21 
865	12 
866	9 
867	20 
868	5 
869	20 
870	9 
871	9 
872	7 
873	4 
874	3 
875	6 
876	18 
877	13 
878	18 
879	12 
880	12 
881	10 
882	12 
883	20 
884	7 
885	7 
886	9 
887	20 
888	3 
889	13 
890	7 
891	6 
892	6 
893	6 
894	20 
895	20 
896	12 
897	12 
898	10 
899	18 
900	2 
901	20 
902	23 
903	10 
904	6 
905	18 
906	18 
907	7 
908	10 
909	7 
910	9 
911	6 
912	6 
913	12 
914	2 
915	10 
916	7 
917	9 
918	23 
919	23 
920	2 
921	9 
922	7 
923	12 
924	6 
925	23 
926	23 
927	18 
928	20 
929	2 
930	18 
931	13 
932	20 
933	18 
934	12 
935	10 
936	6 
937	20 
938	2 
939	7 
940	9 
941	18 
942	18 
943	20 
944	7 
945	6 
946	20 
947	10 
948	13 
949	20 
950	12 
951	10 
952	20 
953	23 
954	12 
955	12 
956	7 
957	20 
958	23 
959	9 
960	6 
961	23 
962	7 
963	9 
964	7 
965	18 
966	6 
967	23 
968	12 
969	7 
970	10 
971	6 
972	13 
973	9 
974	10 
975	9 
976	13 
977	12 
978	13 
979	13 
980	12 
981	12 
982	13 
983	7 
984	9 
985	23 
986	7 
987	23 
988	6 
989	9 
990	7 
991	23 
992	9 
993	23 
994	7 
995	13 
996	13 
997	13 
998	7 
999	9 
1000	9 
