1	14 
2	3 
3	14 
4	11 
5	15 
6	5 
7	14 
8	14 
9	16 
10	13 
11	8 
12	19 
13	1 
14	16 
15	1 
16	8 
17	15 
18	2 
19	13 
20	12 
21	19 
22	2 
23	1 
24	18 
25	5 
26	2 
27	17 
28	7 
29	5 
30	9 
31	11 
32	8 
33	17 
34	14 
35	4 
36	6 
37	8 
38	8 
39	8 
40	19 
41	6 
42	17 
43	9 
44	6 
45	1 
46	17 
47	14 
48	18 
49	9 
50	13 
51	17 
52	8 
53	8 
54	16 
55	5 
56	18 
57	8 
58	4 
59	11 
60	1 
61	5 
62	18 
63	12 
64	18 
65	16 
66	14 
67	5 
68	4 
69	7 
70	1 
71	1 
72	18 
73	16 
74	2 
75	4 
76	7 
77	19 
78	3 
79	14 
80	19 
81	11 
82	14 
83	5 
84	13 
85	17 
86	16 
87	4 
88	18 
89	9 
90	8 
91	16 
92	6 
93	16 
94	5 
95	12 
96	9 
97	16 
98	2 
99	3 
100	3 
101	16 
102	14 
103	13 
104	13 
105	3 
106	19 
107	9 
108	15 
109	5 
110	16 
111	15 
112	13 
113	6 
114	16 
115	8 
116	12 
117	19 
118	6 
119	8 
120	14 
121	19 
122	1 
123	17 
124	8 
125	17 
126	14 
127	17 
128	8 
129	2 
130	5 
131	8 
132	8 
133	17 
134	12 
135	11 
136	9 
137	19 
138	13 
139	4 
140	8 
141	6 
142	18 
143	7 
144	15 
145	4 
146	18 
147	9 
148	2 
149	17 
150	1 
151	8 
152	17 
153	5 
154	14 
155	17 
156	14 
157	13 
158	17 
159	5 
160	9 
161	6 
162	13 
163	6 
164	17 
165	17 
166	10 
167	16 
168	3 
169	15 
170	11 
171	11 
172	17 
173	18 
174	10 
175	19 
176	16 
177	8 
178	3 
179	4 
180	8 
181	13 
182	7 
183	4 
184	12 
185	18 
186	9 
187	6 
188	1 
189	14 
190	9 
191	6 
192	5 
193	19 
194	8 
195	7 
196	9 
197	6 
198	1 
199	19 
200	16 
201	6 
202	15 
203	18 
204	9 
205	4 
206	18 
207	8 
208	5 
209	10 
210	4 
211	5 
212	1 
213	16 
214	18 
215	8 
216	18 
217	16 
218	8 
219	1 
220	5 
221	12 
222	17 
223	12 
224	14 
225	14 
226	8 
227	16 
228	4 
229	18 
230	3 
231	5 
232	12 
233	19 
234	6 
235	1 
236	7 
237	16 
238	17 
239	17 
240	18 
241	2 
242	12 
243	7 
244	7 
245	4 
246	6 
247	16 
248	13 
249	16 
250	5 
251	8 
252	3 
253	15 
254	2 
255	8 
256	10 
257	11 
258	6 
259	3 
260	8 
261	11 
262	8 
263	7 
264	10 
265	6 
266	2 
267	15 
268	19 
269	10 
270	19 
271	4 
272	7 
273	5 
274	5 
275	19 
276	5 
277	10 
278	16 
279	4 
280	4 
281	5 
282	14 
283	5 
284	2 
285	1 
286	19 
287	8 
288	8 
289	1 
290	19 
291	13 
292	5 
293	13 
294	11 
295	3 
296	2 
297	19 
298	17 
299	5 
300	14 
301	6 
302	18 
303	17 
304	5 
305	5 
306	17 
307	15 
308	12 
309	14 
310	17 
311	9 
312	15 
313	6 
314	14 
315	14 
316	14 
317	11 
318	14 
319	10 
320	18 
321	10 
322	7 
323	5 
324	15 
325	3 
326	12 
327	6 
328	18 
329	15 
330	14 
331	16 
332	19 
333	8 
334	13 
335	6 
336	16 
337	6 
338	8 
339	11 
340	12 
341	3 
342	6 
343	17 
344	4 
345	15 
346	7 
347	2 
348	14 
349	12 
350	9 
351	6 
352	1 
353	15 
354	2 
355	5 
356	5 
357	12 
358	10 
359	1 
360	15 
361	18 
362	1 
363	17 
364	15 
365	3 
366	5 
367	1 
368	14 
369	6 
370	2 
371	7 
372	18 
373	6 
374	15 
375	16 
376	14 
377	17 
378	19 
379	7 
380	17 
381	16 
382	18 
383	5 
384	7 
385	14 
386	8 
387	16 
388	17 
389	8 
390	14 
391	17 
392	9 
393	1 
394	5 
395	1 
396	18 
397	1 
398	19 
399	6 
400	1 
401	15 
402	9 
403	11 
404	1 
405	2 
406	2 
407	17 
408	13 
409	7 
410	19 
411	14 
412	11 
413	5 
414	17 
415	15 
416	1 
417	5 
418	11 
419	14 
420	14 
421	17 
422	4 
423	14 
424	19 
425	13 
426	4 
427	3 
428	15 
429	6 
430	13 
431	2 
432	16 
433	8 
434	13 
435	17 
436	14 
437	14 
438	16 
439	4 
440	4 
441	4 
442	17 
443	8 
444	8 
445	3 
446	7 
447	18 
448	14 
449	2 
450	5 
451	6 
452	15 
453	5 
454	13 
455	8 
456	17 
457	5 
458	9 
459	5 
460	8 
461	3 
462	6 
463	18 
464	2 
465	7 
466	10 
467	9 
468	8 
469	1 
470	7 
471	5 
472	6 
473	7 
474	14 
475	18 
476	16 
477	7 
478	7 
479	14 
480	13 
481	13 
482	18 
483	5 
484	9 
485	9 
486	19 
487	10 
488	18 
489	6 
490	4 
491	9 
492	4 
493	15 
494	18 
495	8 
496	14 
497	17 
498	1 
499	14 
500	8 
501	13 
502	8 
503	13 
504	6 
505	18 
506	1 
507	5 
508	1 
509	6 
510	14 
511	13 
512	18 
513	3 
514	12 
515	12 
516	12 
517	6 
518	13 
519	5 
520	2 
521	4 
522	10 
523	17 
524	10 
525	14 
526	3 
527	2 
528	17 
529	3 
530	11 
531	5 
532	3 
533	4 
534	3 
535	1 
536	6 
537	5 
538	6 
539	11 
540	17 
541	15 
542	14 
543	1 
544	8 
545	12 
546	17 
547	5 
548	9 
549	8 
550	3 
551	12 
552	6 
553	3 
554	6 
555	5 
556	4 
557	13 
558	10 
559	7 
560	14 
561	4 
562	6 
563	15 
564	12 
565	17 
566	5 
567	19 
568	13 
569	14 
570	18 
571	5 
572	5 
573	7 
574	7 
575	1 
576	3 
577	14 
578	11 
579	6 
580	18 
581	13 
582	14 
583	1 
584	6 
585	10 
586	10 
587	16 
588	7 
589	17 
590	11 
591	10 
592	17 
593	6 
594	14 
595	19 
596	15 
597	14 
598	17 
599	2 
600	8 
601	12 
602	12 
603	16 
604	6 
605	8 
606	6 
607	19 
608	14 
609	5 
610	6 
611	5 
612	6 
613	8 
614	13 
615	7 
616	14 
617	14 
618	5 
619	15 
620	19 
621	18 
622	18 
623	18 
624	14 
625	14 
626	7 
627	1 
628	15 
629	10 
630	17 
631	11 
632	7 
633	17 
634	17 
635	15 
636	8 
637	8 
638	14 
639	1 
640	18 
641	17 
642	9 
643	16 
644	15 
645	12 
646	17 
647	5 
648	6 
649	5 
650	18 
651	8 
652	17 
653	15 
654	4 
655	10 
656	5 
657	14 
658	6 
659	14 
660	8 
661	1 
662	5 
663	4 
664	13 
665	7 
666	10 
667	8 
668	10 
669	1 
670	11 
671	19 
672	5 
673	11 
674	6 
675	8 
676	4 
677	2 
678	14 
679	14 
680	9 
681	17 
682	12 
683	16 
684	8 
685	4 
686	19 
687	17 
688	17 
689	14 
690	12 
691	13 
692	6 
693	17 
694	14 
695	5 
696	5 
697	5 
698	7 
699	9 
700	16 
701	14 
702	6 
703	19 
704	17 
705	15 
706	2 
707	18 
708	14 
709	19 
710	10 
711	3 
712	9 
713	3 
714	17 
715	4 
716	10 
717	17 
718	5 
719	16 
720	16 
721	17 
722	14 
723	6 
724	6 
725	16 
726	5 
727	15 
728	12 
729	4 
730	7 
731	9 
732	5 
733	2 
734	14 
735	18 
736	12 
737	15 
738	2 
739	18 
740	9 
741	12 
742	4 
743	5 
744	2 
745	4 
746	14 
747	9 
748	13 
749	17 
750	12 
751	2 
752	10 
753	4 
754	7 
755	5 
756	8 
757	19 
758	5 
759	3 
760	14 
761	12 
762	13 
763	17 
764	14 
765	9 
766	13 
767	7 
768	9 
769	19 
770	2 
771	8 
772	16 
773	8 
774	8 
775	16 
776	1 
777	14 
778	4 
779	5 
780	3 
781	18 
782	14 
783	16 
784	17 
785	9 
786	10 
787	18 
788	17 
789	6 
790	8 
791	16 
792	8 
793	8 
794	10 
795	18 
796	19 
797	13 
798	17 
799	14 
800	17 
801	5 
802	5 
803	10 
804	7 
805	14 
806	6 
807	7 
808	9 
809	18 
810	2 
811	4 
812	17 
813	3 
814	9 
815	14 
816	3 
817	8 
818	4 
819	6 
820	12 
821	15 
822	1 
823	4 
824	10 
825	18 
826	3 
827	5 
828	15 
829	8 
830	16 
831	18 
832	18 
833	7 
834	8 
835	7 
836	6 
837	1 
838	8 
839	5 
840	14 
841	18 
842	8 
843	19 
844	8 
845	5 
846	8 
847	8 
848	1 
849	8 
850	9 
851	3 
852	6 
853	5 
854	18 
855	13 
856	17 
857	16 
858	6 
859	14 
860	19 
861	18 
862	12 
863	2 
864	14 
865	4 
866	4 
867	16 
868	8 
869	8 
870	12 
871	1 
872	13 
873	5 
874	6 
875	15 
876	5 
877	5 
878	6 
879	3 
880	4 
881	8 
882	4 
883	17 
884	8 
885	8 
886	8 
887	13 
888	8 
889	8 
890	4 
891	3 
892	6 
893	14 
894	19 
895	3 
896	17 
897	1 
898	5 
899	18 
900	17 
901	3 
902	15 
903	8 
904	13 
905	9 
906	17 
907	7 
908	7 
909	17 
910	5 
911	16 
912	8 
913	6 
914	3 
915	8 
916	14 
917	8 
918	14 
919	18 
920	9 
921	8 
922	16 
923	17 
924	3 
925	5 
926	18 
927	8 
928	19 
929	14 
930	13 
931	8 
932	14 
933	8 
934	8 
935	4 
936	19 
937	18 
938	17 
939	8 
940	13 
941	19 
942	1 
943	6 
944	1 
945	8 
946	8 
947	17 
948	6 
949	8 
950	14 
951	1 
952	5 
953	5 
954	19 
955	14 
956	4 
957	8 
958	13 
959	13 
960	17 
961	5 
962	14 
963	17 
964	6 
965	13 
966	13 
967	19 
968	14 
969	17 
970	19 
971	17 
972	8 
973	14 
974	17 
975	19 
976	19 
977	14 
978	5 
979	14 
980	17 
981	16 
982	14 
983	19 
984	6 
985	14 
986	5 
987	17 
988	14 
989	6 
990	8 
991	17 
992	8 
993	8 
994	5 
995	8 
996	5 
997	18 
998	14 
999	18 
1000	18 
