1	16 
2	5 
3	10 
4	19 
5	13 
6	4 
7	10 
8	15 
9	21 
10	16 
11	10 
12	4 
13	13 
14	3 
15	7 
16	10 
17	8 
18	13 
19	15 
20	11 
21	4 
22	20 
23	8 
24	9 
25	10 
26	15 
27	4 
28	10 
29	20 
30	10 
31	10 
32	9 
33	15 
34	10 
35	10 
36	2 
37	9 
38	10 
39	6 
40	17 
41	3 
42	10 
43	19 
44	7 
45	15 
46	18 
47	15 
48	11 
49	9 
50	3 
51	21 
52	7 
53	17 
54	20 
55	15 
56	17 
57	12 
58	16 
59	3 
60	6 
61	19 
62	12 
63	10 
64	9 
65	12 
66	15 
67	10 
68	16 
69	5 
70	15 
71	17 
72	15 
73	4 
74	10 
75	15 
76	5 
77	10 
78	10 
79	13 
80	18 
81	20 
82	12 
83	9 
84	15 
85	5 
86	14 
87	6 
88	10 
89	1 
90	10 
91	13 
92	21 
93	15 
94	18 
95	16 
96	8 
97	18 
98	18 
99	21 
100	10 
101	16 
102	10 
103	17 
104	15 
105	20 
106	15 
107	15 
108	14 
109	17 
110	16 
111	16 
112	17 
113	6 
114	3 
115	17 
116	18 
117	21 
118	4 
119	5 
120	17 
121	16 
122	7 
123	11 
124	10 
125	13 
126	8 
127	10 
128	9 
129	9 
130	8 
131	7 
132	18 
133	17 
134	11 
135	1 
136	8 
137	15 
138	18 
139	7 
140	20 
141	3 
142	14 
143	21 
144	8 
145	12 
146	8 
147	15 
148	4 
149	11 
150	16 
151	21 
152	21 
153	6 
154	4 
155	10 
156	11 
157	9 
158	6 
159	4 
160	12 
161	16 
162	12 
163	18 
164	19 
165	10 
166	10 
167	12 
168	13 
169	21 
170	13 
171	11 
172	8 
173	21 
174	1 
175	4 
176	4 
177	15 
178	4 
179	14 
180	16 
181	18 
182	9 
183	5 
184	4 
185	6 
186	3 
187	17 
188	21 
189	18 
190	3 
191	13 
192	9 
193	16 
194	10 
195	17 
196	3 
197	21 
198	21 
199	21 
200	2 
201	8 
202	13 
203	3 
204	15 
205	17 
206	17 
207	16 
208	21 
209	17 
210	13 
211	4 
212	21 
213	21 
214	18 
215	15 
216	9 
217	3 
218	18 
219	13 
220	3 
221	21 
222	20 
223	18 
224	10 
225	4 
226	3 
227	21 
228	9 
229	4 
230	15 
231	18 
232	3 
233	15 
234	18 
235	14 
236	6 
237	1 
238	12 
239	21 
240	20 
241	8 
242	9 
243	15 
244	12 
245	3 
246	10 
247	14 
248	18 
249	9 
250	10 
251	9 
252	6 
253	7 
254	10 
255	3 
256	9 
257	9 
258	18 
259	13 
260	18 
261	5 
262	15 
263	21 
264	21 
265	21 
266	7 
267	15 
268	21 
269	3 
270	6 
271	1 
272	9 
273	4 
274	3 
275	10 
276	15 
277	9 
278	21 
279	21 
280	12 
281	1 
282	10 
283	4 
284	13 
285	3 
286	1 
287	13 
288	2 
289	3 
290	18 
291	17 
292	3 
293	17 
294	2 
295	14 
296	15 
297	21 
298	3 
299	10 
300	17 
301	11 
302	5 
303	2 
304	19 
305	16 
306	16 
307	21 
308	11 
309	4 
310	7 
311	17 
312	15 
313	21 
314	18 
315	17 
316	9 
317	16 
318	10 
319	13 
320	15 
321	15 
322	20 
323	2 
324	15 
325	15 
326	8 
327	6 
328	10 
329	3 
330	6 
331	18 
332	10 
333	14 
334	10 
335	17 
336	18 
337	15 
338	10 
339	16 
340	21 
341	13 
342	21 
343	16 
344	13 
345	5 
346	1 
347	4 
348	19 
349	10 
350	8 
351	11 
352	16 
353	10 
354	3 
355	15 
356	8 
357	12 
358	18 
359	18 
360	17 
361	10 
362	4 
363	10 
364	20 
365	20 
366	14 
367	10 
368	11 
369	12 
370	7 
371	2 
372	8 
373	21 
374	20 
375	3 
376	8 
377	14 
378	21 
379	6 
380	6 
381	17 
382	11 
383	1 
384	15 
385	17 
386	15 
387	11 
388	8 
389	17 
390	9 
391	19 
392	1 
393	16 
394	17 
395	15 
396	20 
397	1 
398	18 
399	9 
400	21 
401	4 
402	13 
403	10 
404	9 
405	19 
406	19 
407	8 
408	16 
409	2 
410	17 
411	10 
412	16 
413	2 
414	8 
415	9 
416	12 
417	18 
418	20 
419	16 
420	16 
421	16 
422	12 
423	19 
424	15 
425	11 
426	15 
427	9 
428	10 
429	11 
430	9 
431	13 
432	10 
433	17 
434	18 
435	21 
436	11 
437	4 
438	1 
439	5 
440	13 
441	4 
442	16 
443	4 
444	19 
445	15 
446	13 
447	10 
448	15 
449	3 
450	4 
451	15 
452	15 
453	21 
454	14 
455	18 
456	8 
457	8 
458	10 
459	17 
460	3 
461	15 
462	4 
463	2 
464	1 
465	5 
466	4 
467	17 
468	12 
469	3 
470	9 
471	21 
472	17 
473	13 
474	15 
475	12 
476	16 
477	3 
478	15 
479	1 
480	15 
481	17 
482	2 
483	16 
484	12 
485	3 
486	18 
487	21 
488	15 
489	21 
490	10 
491	14 
492	10 
493	16 
494	15 
495	13 
496	13 
497	17 
498	7 
499	8 
500	10 
501	3 
502	10 
503	5 
504	14 
505	3 
506	20 
507	10 
508	4 
509	19 
510	8 
511	15 
512	14 
513	19 
514	3 
515	9 
516	9 
517	17 
518	7 
519	9 
520	18 
521	12 
522	7 
523	2 
524	5 
525	21 
526	13 
527	17 
528	15 
529	20 
530	8 
531	14 
532	10 
533	21 
534	2 
535	13 
536	6 
537	11 
538	21 
539	9 
540	18 
541	19 
542	10 
543	5 
544	16 
545	9 
546	21 
547	16 
548	10 
549	20 
550	6 
551	13 
552	5 
553	20 
554	12 
555	17 
556	20 
557	7 
558	21 
559	21 
560	19 
561	11 
562	13 
563	12 
564	15 
565	17 
566	20 
567	15 
568	18 
569	8 
570	20 
571	20 
572	17 
573	8 
574	10 
575	2 
576	16 
577	8 
578	5 
579	14 
580	15 
581	8 
582	13 
583	10 
584	2 
585	15 
586	10 
587	3 
588	16 
589	4 
590	18 
591	16 
592	20 
593	5 
594	17 
595	1 
596	6 
597	10 
598	21 
599	6 
600	7 
601	11 
602	17 
603	17 
604	20 
605	9 
606	4 
607	7 
608	4 
609	4 
610	19 
611	13 
612	12 
613	15 
614	21 
615	16 
616	13 
617	5 
618	17 
619	8 
620	21 
621	10 
622	4 
623	15 
624	18 
625	21 
626	10 
627	21 
628	10 
629	3 
630	2 
631	20 
632	17 
633	15 
634	15 
635	21 
636	6 
637	11 
638	2 
639	17 
640	13 
641	16 
642	10 
643	9 
644	9 
645	15 
646	17 
647	21 
648	18 
649	10 
650	3 
651	17 
652	13 
653	16 
654	20 
655	7 
656	4 
657	9 
658	21 
659	16 
660	13 
661	4 
662	14 
663	10 
664	20 
665	16 
666	9 
667	13 
668	12 
669	15 
670	20 
671	8 
672	17 
673	21 
674	17 
675	14 
676	19 
677	5 
678	11 
679	13 
680	18 
681	13 
682	9 
683	19 
684	17 
685	15 
686	13 
687	6 
688	17 
689	15 
690	21 
691	10 
692	15 
693	4 
694	3 
695	14 
696	18 
697	21 
698	17 
699	15 
700	9 
701	15 
702	18 
703	10 
704	16 
705	16 
706	15 
707	3 
708	10 
709	9 
710	19 
711	15 
712	21 
713	17 
714	17 
715	13 
716	6 
717	6 
718	18 
719	13 
720	10 
721	11 
722	19 
723	8 
724	21 
725	10 
726	9 
727	17 
728	7 
729	19 
730	4 
731	10 
732	9 
733	13 
734	19 
735	1 
736	3 
737	15 
738	3 
739	16 
740	17 
741	21 
742	8 
743	11 
744	3 
745	13 
746	13 
747	9 
748	6 
749	11 
750	15 
751	4 
752	4 
753	7 
754	9 
755	13 
756	13 
757	1 
758	6 
759	19 
760	11 
761	19 
762	16 
763	17 
764	10 
765	21 
766	4 
767	17 
768	16 
769	16 
770	10 
771	12 
772	13 
773	20 
774	15 
775	20 
776	13 
777	10 
778	10 
779	5 
780	13 
781	9 
782	2 
783	10 
784	16 
785	1 
786	20 
787	19 
788	17 
789	11 
790	20 
791	19 
792	21 
793	6 
794	19 
795	6 
796	17 
797	8 
798	13 
799	17 
800	17 
801	10 
802	9 
803	1 
804	8 
805	9 
806	10 
807	15 
808	14 
809	10 
810	9 
811	15 
812	13 
813	9 
814	18 
815	19 
816	12 
817	21 
818	13 
819	12 
820	18 
821	9 
822	17 
823	10 
824	21 
825	21 
826	17 
827	8 
828	16 
829	17 
830	5 
831	8 
832	15 
833	8 
834	11 
835	5 
836	6 
837	15 
838	1 
839	18 
840	14 
841	19 
842	18 
843	7 
844	4 
845	21 
846	13 
847	16 
848	2 
849	8 
850	16 
851	4 
852	13 
853	8 
854	17 
855	10 
856	19 
857	19 
858	1 
859	7 
860	21 
861	13 
862	1 
863	11 
864	13 
865	15 
866	15 
867	6 
868	2 
869	18 
870	7 
871	21 
872	3 
873	2 
874	8 
875	21 
876	9 
877	15 
878	15 
879	4 
880	17 
881	19 
882	15 
883	10 
884	13 
885	1 
886	6 
887	6 
888	19 
889	15 
890	3 
891	1 
892	13 
893	8 
894	4 
895	10 
896	21 
897	17 
898	10 
899	14 
900	2 
901	17 
902	4 
903	13 
904	21 
905	10 
906	13 
907	13 
908	17 
909	10 
910	10 
911	3 
912	4 
913	16 
914	3 
915	9 
916	13 
917	20 
918	15 
919	18 
920	13 
921	13 
922	17 
923	10 
924	20 
925	15 
926	16 
927	17 
928	10 
929	18 
930	10 
931	15 
932	16 
933	6 
934	9 
935	16 
936	4 
937	13 
938	12 
939	18 
940	11 
941	10 
942	15 
943	18 
944	10 
945	15 
946	17 
947	21 
948	11 
949	18 
950	4 
951	8 
952	17 
953	8 
954	21 
955	20 
956	17 
957	3 
958	10 
959	11 
960	16 
961	17 
962	18 
963	21 
964	15 
965	13 
966	21 
967	13 
968	15 
969	20 
970	17 
971	15 
972	15 
973	21 
974	9 
975	19 
976	21 
977	10 
978	17 
979	21 
980	8 
981	3 
982	21 
983	13 
984	18 
985	9 
986	8 
987	11 
988	10 
989	13 
990	16 
991	16 
992	8 
993	17 
994	13 
995	20 
996	13 
997	17 
998	18 
999	8 
1000	9 
