1	16 
2	16 
3	13 
4	6 
5	14 
6	13 
7	11 
8	11 
9	3 
10	24 
11	2 
12	11 
13	4 
14	14 
15	22 
16	2 
17	8 
18	5 
19	15 
20	22 
21	21 
22	12 
23	3 
24	23 
25	11 
26	3 
27	18 
28	10 
29	12 
30	12 
31	5 
32	1 
33	8 
34	16 
35	14 
36	10 
37	6 
38	23 
39	21 
40	22 
41	3 
42	12 
43	13 
44	16 
45	23 
46	8 
47	19 
48	5 
49	3 
50	24 
51	3 
52	11 
53	23 
54	15 
55	23 
56	2 
57	13 
58	1 
59	21 
60	23 
61	5 
62	9 
63	11 
64	3 
65	6 
66	24 
67	6 
68	8 
69	20 
70	23 
71	4 
72	16 
73	24 
74	2 
75	11 
76	3 
77	21 
78	13 
79	23 
80	11 
81	1 
82	13 
83	7 
84	3 
85	8 
86	14 
87	3 
88	21 
89	16 
90	19 
91	19 
92	8 
93	23 
94	12 
95	3 
96	18 
97	1 
98	16 
99	2 
100	8 
101	23 
102	18 
103	1 
104	24 
105	17 
106	21 
107	18 
108	15 
109	19 
110	15 
111	8 
112	6 
113	8 
114	11 
115	18 
116	20 
117	5 
118	1 
119	12 
120	9 
121	13 
122	20 
123	2 
124	4 
125	15 
126	12 
127	23 
128	24 
129	11 
130	20 
131	9 
132	1 
133	14 
134	17 
135	10 
136	12 
137	12 
138	2 
139	24 
140	8 
141	23 
142	12 
143	16 
144	9 
145	3 
146	19 
147	2 
148	23 
149	21 
150	17 
151	3 
152	12 
153	4 
154	3 
155	6 
156	4 
157	21 
158	7 
159	23 
160	8 
161	19 
162	16 
163	6 
164	12 
165	17 
166	8 
167	5 
168	6 
169	3 
170	17 
171	10 
172	24 
173	20 
174	10 
175	22 
176	16 
177	13 
178	9 
179	24 
180	23 
181	21 
182	19 
183	8 
184	1 
185	2 
186	3 
187	2 
188	9 
189	14 
190	12 
191	16 
192	23 
193	16 
194	7 
195	12 
196	3 
197	2 
198	23 
199	12 
200	14 
201	9 
202	23 
203	12 
204	2 
205	5 
206	8 
207	8 
208	3 
209	14 
210	23 
211	7 
212	12 
213	4 
214	23 
215	11 
216	12 
217	16 
218	21 
219	9 
220	23 
221	12 
222	2 
223	20 
224	3 
225	15 
226	13 
227	24 
228	22 
229	3 
230	23 
231	3 
232	8 
233	15 
234	5 
235	12 
236	10 
237	7 
238	9 
239	16 
240	12 
241	23 
242	2 
243	23 
244	7 
245	4 
246	20 
247	22 
248	5 
249	20 
250	11 
251	16 
252	2 
253	20 
254	10 
255	24 
256	23 
257	21 
258	12 
259	3 
260	19 
261	6 
262	23 
263	12 
264	14 
265	3 
266	8 
267	4 
268	24 
269	4 
270	23 
271	19 
272	12 
273	23 
274	7 
275	2 
276	3 
277	13 
278	3 
279	2 
280	24 
281	8 
282	6 
283	16 
284	22 
285	9 
286	22 
287	3 
288	20 
289	7 
290	23 
291	10 
292	23 
293	16 
294	9 
295	4 
296	14 
297	21 
298	9 
299	20 
300	11 
301	11 
302	9 
303	20 
304	17 
305	14 
306	16 
307	8 
308	21 
309	22 
310	19 
311	8 
312	13 
313	19 
314	10 
315	23 
316	3 
317	15 
318	16 
319	8 
320	23 
321	5 
322	23 
323	8 
324	23 
325	20 
326	1 
327	17 
328	21 
329	19 
330	14 
331	12 
332	18 
333	21 
334	3 
335	20 
336	6 
337	14 
338	23 
339	6 
340	3 
341	8 
342	14 
343	23 
344	9 
345	16 
346	23 
347	2 
348	4 
349	2 
350	7 
351	20 
352	2 
353	18 
354	23 
355	3 
356	12 
357	9 
358	5 
359	3 
360	23 
361	11 
362	21 
363	18 
364	3 
365	20 
366	15 
367	12 
368	3 
369	15 
370	13 
371	23 
372	3 
373	3 
374	3 
375	12 
376	13 
377	12 
378	12 
379	11 
380	20 
381	10 
382	20 
383	22 
384	24 
385	22 
386	1 
387	22 
388	3 
389	16 
390	3 
391	8 
392	16 
393	15 
394	21 
395	7 
396	2 
397	1 
398	6 
399	5 
400	20 
401	2 
402	15 
403	19 
404	24 
405	7 
406	18 
407	3 
408	21 
409	21 
410	24 
411	7 
412	8 
413	12 
414	21 
415	13 
416	23 
417	5 
418	11 
419	3 
420	13 
421	23 
422	8 
423	7 
424	23 
425	5 
426	13 
427	8 
428	11 
429	23 
430	12 
431	16 
432	15 
433	21 
434	11 
435	13 
436	11 
437	4 
438	3 
439	12 
440	11 
441	2 
442	20 
443	19 
444	3 
445	21 
446	16 
447	17 
448	11 
449	24 
450	23 
451	9 
452	6 
453	9 
454	16 
455	12 
456	13 
457	16 
458	22 
459	9 
460	12 
461	8 
462	12 
463	6 
464	16 
465	1 
466	8 
467	12 
468	18 
469	14 
470	21 
471	10 
472	23 
473	12 
474	16 
475	16 
476	23 
477	10 
478	24 
479	3 
480	24 
481	12 
482	2 
483	19 
484	8 
485	13 
486	3 
487	9 
488	10 
489	24 
490	18 
491	9 
492	12 
493	3 
494	13 
495	6 
496	5 
497	7 
498	1 
499	11 
500	4 
501	12 
502	16 
503	22 
504	23 
505	12 
506	14 
507	24 
508	20 
509	11 
510	19 
511	6 
512	11 
513	24 
514	17 
515	15 
516	21 
517	5 
518	17 
519	1 
520	17 
521	10 
522	3 
523	11 
524	1 
525	5 
526	23 
527	24 
528	11 
529	16 
530	23 
531	21 
532	8 
533	20 
534	3 
535	20 
536	9 
537	3 
538	10 
539	4 
540	18 
541	11 
542	19 
543	16 
544	8 
545	3 
546	23 
547	11 
548	10 
549	11 
550	12 
551	23 
552	3 
553	8 
554	5 
555	22 
556	24 
557	23 
558	8 
559	8 
560	20 
561	15 
562	8 
563	13 
564	14 
565	22 
566	23 
567	19 
568	13 
569	23 
570	20 
571	23 
572	3 
573	12 
574	5 
575	6 
576	8 
577	24 
578	12 
579	3 
580	1 
581	3 
582	2 
583	18 
584	16 
585	11 
586	10 
587	11 
588	8 
589	2 
590	1 
591	24 
592	13 
593	23 
594	2 
595	7 
596	18 
597	10 
598	12 
599	10 
600	9 
601	3 
602	23 
603	3 
604	8 
605	1 
606	4 
607	4 
608	13 
609	11 
610	3 
611	20 
612	12 
613	4 
614	12 
615	23 
616	16 
617	16 
618	2 
619	2 
620	23 
621	1 
622	2 
623	17 
624	12 
625	8 
626	3 
627	24 
628	5 
629	11 
630	3 
631	23 
632	4 
633	4 
634	2 
635	10 
636	7 
637	18 
638	16 
639	3 
640	18 
641	3 
642	16 
643	8 
644	16 
645	12 
646	2 
647	24 
648	15 
649	13 
650	11 
651	23 
652	12 
653	22 
654	11 
655	23 
656	8 
657	9 
658	13 
659	16 
660	20 
661	9 
662	23 
663	22 
664	3 
665	14 
666	15 
667	15 
668	12 
669	22 
670	11 
671	1 
672	9 
673	6 
674	23 
675	12 
676	23 
677	3 
678	3 
679	11 
680	18 
681	19 
682	2 
683	22 
684	19 
685	17 
686	1 
687	11 
688	16 
689	2 
690	18 
691	13 
692	19 
693	7 
694	13 
695	20 
696	12 
697	14 
698	8 
699	20 
700	24 
701	22 
702	10 
703	7 
704	16 
705	9 
706	5 
707	20 
708	10 
709	10 
710	16 
711	13 
712	17 
713	22 
714	6 
715	19 
716	20 
717	12 
718	12 
719	23 
720	18 
721	18 
722	14 
723	20 
724	7 
725	20 
726	2 
727	6 
728	8 
729	10 
730	11 
731	10 
732	24 
733	4 
734	6 
735	11 
736	23 
737	21 
738	11 
739	23 
740	13 
741	3 
742	17 
743	17 
744	6 
745	21 
746	12 
747	1 
748	12 
749	16 
750	23 
751	1 
752	14 
753	14 
754	23 
755	21 
756	18 
757	22 
758	12 
759	9 
760	5 
761	20 
762	7 
763	12 
764	19 
765	3 
766	9 
767	12 
768	14 
769	15 
770	8 
771	18 
772	9 
773	24 
774	15 
775	9 
776	16 
777	21 
778	4 
779	20 
780	6 
781	8 
782	16 
783	3 
784	20 
785	3 
786	23 
787	7 
788	7 
789	12 
790	7 
791	1 
792	23 
793	17 
794	8 
795	24 
796	20 
797	8 
798	6 
799	3 
800	2 
801	12 
802	3 
803	12 
804	5 
805	7 
806	21 
807	9 
808	24 
809	9 
810	3 
811	6 
812	8 
813	19 
814	19 
815	24 
816	3 
817	6 
818	17 
819	3 
820	23 
821	8 
822	13 
823	2 
824	8 
825	2 
826	3 
827	24 
828	22 
829	23 
830	5 
831	21 
832	12 
833	5 
834	22 
835	6 
836	16 
837	16 
838	8 
839	22 
840	20 
841	3 
842	6 
843	8 
844	2 
845	2 
846	23 
847	12 
848	16 
849	11 
850	5 
851	2 
852	23 
853	4 
854	23 
855	8 
856	22 
857	10 
858	3 
859	5 
860	4 
861	2 
862	1 
863	19 
864	16 
865	6 
866	3 
867	16 
868	19 
869	10 
870	23 
871	16 
872	2 
873	2 
874	17 
875	13 
876	2 
877	14 
878	9 
879	21 
880	23 
881	10 
882	8 
883	9 
884	8 
885	13 
886	18 
887	23 
888	23 
889	22 
890	20 
891	13 
892	13 
893	12 
894	22 
895	17 
896	5 
897	12 
898	22 
899	12 
900	17 
901	19 
902	17 
903	9 
904	19 
905	17 
906	13 
907	20 
908	23 
909	9 
910	1 
911	24 
912	21 
913	20 
914	2 
915	7 
916	3 
917	23 
918	24 
919	4 
920	11 
921	18 
922	3 
923	11 
924	22 
925	21 
926	12 
927	6 
928	16 
929	17 
930	2 
931	23 
932	22 
933	3 
934	16 
935	16 
936	8 
937	6 
938	3 
939	13 
940	13 
941	24 
942	5 
943	5 
944	12 
945	16 
946	23 
947	23 
948	2 
949	1 
950	3 
951	22 
952	2 
953	22 
954	11 
955	1 
956	19 
957	3 
958	3 
959	23 
960	3 
961	8 
962	21 
963	12 
964	23 
965	3 
966	3 
967	20 
968	12 
969	20 
970	24 
971	13 
972	12 
973	3 
974	8 
975	9 
976	20 
977	2 
978	12 
979	11 
980	3 
981	13 
982	11 
983	20 
984	20 
985	2 
986	12 
987	2 
988	8 
989	21 
990	19 
991	5 
992	20 
993	21 
994	3 
995	16 
996	16 
997	3 
998	6 
999	3 
1000	21 
