1	9 
2	15 
3	12 
4	2 
5	11 
6	7 
7	7 
8	15 
9	15 
10	4 
11	11 
12	3 
13	7 
14	2 
15	5 
16	12 
17	7 
18	4 
19	5 
20	10 
21	15 
22	13 
23	7 
24	10 
25	11 
26	7 
27	8 
28	6 
29	12 
30	12 
31	2 
32	5 
33	16 
34	2 
35	4 
36	14 
37	4 
38	2 
39	7 
40	10 
41	1 
42	10 
43	5 
44	7 
45	16 
46	10 
47	10 
48	7 
49	12 
50	7 
51	14 
52	11 
53	1 
54	12 
55	7 
56	3 
57	10 
58	1 
59	4 
60	14 
61	3 
62	7 
63	13 
64	1 
65	13 
66	12 
67	4 
68	9 
69	14 
70	6 
71	9 
72	4 
73	15 
74	7 
75	1 
76	9 
77	6 
78	6 
79	11 
80	11 
81	15 
82	9 
83	12 
84	15 
85	3 
86	7 
87	6 
88	1 
89	11 
90	7 
91	15 
92	1 
93	15 
94	4 
95	15 
96	15 
97	15 
98	5 
99	3 
100	13 
101	9 
102	9 
103	10 
104	3 
105	7 
106	9 
107	5 
108	15 
109	15 
110	3 
111	10 
112	6 
113	15 
114	2 
115	11 
116	5 
117	10 
118	7 
119	2 
120	14 
121	7 
122	2 
123	4 
124	7 
125	6 
126	11 
127	1 
128	9 
129	6 
130	4 
131	7 
132	4 
133	12 
134	9 
135	6 
136	10 
137	9 
138	9 
139	1 
140	15 
141	6 
142	8 
143	12 
144	6 
145	12 
146	1 
147	1 
148	1 
149	12 
150	14 
151	10 
152	11 
153	5 
154	3 
155	10 
156	11 
157	1 
158	5 
159	6 
160	5 
161	10 
162	1 
163	1 
164	3 
165	16 
166	15 
167	15 
168	15 
169	5 
170	9 
171	10 
172	12 
173	16 
174	9 
175	8 
176	11 
177	7 
178	5 
179	11 
180	11 
181	15 
182	10 
183	14 
184	4 
185	11 
186	12 
187	9 
188	11 
189	2 
190	12 
191	5 
192	10 
193	10 
194	10 
195	5 
196	1 
197	11 
198	5 
199	11 
200	12 
201	10 
202	4 
203	4 
204	7 
205	16 
206	13 
207	5 
208	11 
209	11 
210	6 
211	9 
212	11 
213	2 
214	13 
215	9 
216	3 
217	6 
218	12 
219	10 
220	9 
221	1 
222	9 
223	4 
224	15 
225	7 
226	4 
227	1 
228	15 
229	10 
230	4 
231	15 
232	15 
233	5 
234	15 
235	7 
236	9 
237	14 
238	1 
239	8 
240	2 
241	4 
242	4 
243	10 
244	7 
245	11 
246	11 
247	6 
248	16 
249	5 
250	15 
251	1 
252	8 
253	8 
254	11 
255	2 
256	16 
257	5 
258	5 
259	13 
260	15 
261	2 
262	2 
263	4 
264	11 
265	1 
266	15 
267	1 
268	11 
269	5 
270	1 
271	4 
272	12 
273	2 
274	2 
275	10 
276	7 
277	2 
278	7 
279	8 
280	7 
281	11 
282	11 
283	10 
284	9 
285	1 
286	14 
287	13 
288	11 
289	11 
290	7 
291	5 
292	4 
293	10 
294	5 
295	14 
296	11 
297	10 
298	2 
299	9 
300	6 
301	4 
302	2 
303	7 
304	4 
305	9 
306	2 
307	4 
308	6 
309	5 
310	4 
311	5 
312	6 
313	8 
314	14 
315	11 
316	5 
317	9 
318	10 
319	2 
320	11 
321	5 
322	5 
323	16 
324	5 
325	6 
326	7 
327	5 
328	8 
329	11 
330	1 
331	9 
332	4 
333	16 
334	9 
335	4 
336	10 
337	1 
338	8 
339	11 
340	2 
341	5 
342	4 
343	12 
344	15 
345	7 
346	9 
347	5 
348	16 
349	11 
350	11 
351	1 
352	4 
353	12 
354	6 
355	2 
356	8 
357	6 
358	2 
359	4 
360	15 
361	3 
362	6 
363	9 
364	4 
365	6 
366	9 
367	9 
368	1 
369	11 
370	8 
371	7 
372	16 
373	11 
374	6 
375	15 
376	11 
377	16 
378	11 
379	8 
380	12 
381	7 
382	14 
383	9 
384	8 
385	15 
386	7 
387	4 
388	5 
389	11 
390	10 
391	1 
392	4 
393	2 
394	5 
395	6 
396	10 
397	2 
398	4 
399	4 
400	6 
401	13 
402	2 
403	1 
404	15 
405	11 
406	12 
407	2 
408	12 
409	15 
410	12 
411	13 
412	12 
413	16 
414	9 
415	4 
416	2 
417	4 
418	8 
419	15 
420	1 
421	2 
422	16 
423	11 
424	6 
425	11 
426	4 
427	9 
428	13 
429	8 
430	12 
431	12 
432	9 
433	6 
434	11 
435	15 
436	2 
437	10 
438	9 
439	12 
440	12 
441	6 
442	5 
443	3 
444	9 
445	11 
446	16 
447	1 
448	15 
449	15 
450	2 
451	11 
452	2 
453	7 
454	5 
455	10 
456	13 
457	11 
458	9 
459	10 
460	16 
461	7 
462	8 
463	11 
464	4 
465	2 
466	8 
467	11 
468	1 
469	8 
470	4 
471	2 
472	1 
473	1 
474	11 
475	12 
476	12 
477	4 
478	16 
479	1 
480	5 
481	1 
482	1 
483	11 
484	4 
485	7 
486	1 
487	8 
488	7 
489	4 
490	6 
491	10 
492	11 
493	14 
494	12 
495	5 
496	12 
497	7 
498	7 
499	12 
500	10 
501	3 
502	3 
503	12 
504	10 
505	10 
506	10 
507	16 
508	7 
509	15 
510	4 
511	15 
512	7 
513	11 
514	4 
515	8 
516	8 
517	9 
518	12 
519	10 
520	5 
521	10 
522	16 
523	16 
524	9 
525	14 
526	11 
527	11 
528	5 
529	12 
530	3 
531	7 
532	6 
533	13 
534	12 
535	14 
536	8 
537	13 
538	6 
539	4 
540	7 
541	9 
542	2 
543	10 
544	15 
545	1 
546	13 
547	15 
548	1 
549	12 
550	11 
551	5 
552	1 
553	9 
554	15 
555	16 
556	2 
557	4 
558	14 
559	11 
560	9 
561	4 
562	7 
563	10 
564	9 
565	9 
566	3 
567	1 
568	2 
569	11 
570	15 
571	8 
572	9 
573	5 
574	11 
575	4 
576	11 
577	4 
578	15 
579	4 
580	11 
581	8 
582	2 
583	9 
584	14 
585	8 
586	9 
587	13 
588	9 
589	8 
590	4 
591	4 
592	11 
593	12 
594	9 
595	15 
596	4 
597	1 
598	5 
599	10 
600	11 
601	16 
602	5 
603	9 
604	9 
605	2 
606	13 
607	1 
608	16 
609	12 
610	1 
611	7 
612	2 
613	11 
614	2 
615	7 
616	12 
617	4 
618	5 
619	13 
620	4 
621	10 
622	7 
623	7 
624	9 
625	9 
626	11 
627	9 
628	2 
629	2 
630	7 
631	7 
632	8 
633	5 
634	15 
635	6 
636	1 
637	7 
638	13 
639	4 
640	15 
641	12 
642	10 
643	8 
644	8 
645	1 
646	15 
647	10 
648	3 
649	1 
650	6 
651	11 
652	11 
653	10 
654	15 
655	14 
656	7 
657	16 
658	5 
659	2 
660	10 
661	3 
662	5 
663	6 
664	1 
665	11 
666	6 
667	4 
668	10 
669	16 
670	9 
671	5 
672	3 
673	11 
674	4 
675	9 
676	10 
677	3 
678	8 
679	4 
680	5 
681	15 
682	13 
683	4 
684	5 
685	11 
686	12 
687	11 
688	15 
689	14 
690	10 
691	4 
692	9 
693	8 
694	10 
695	11 
696	1 
697	15 
698	7 
699	15 
700	16 
701	9 
702	2 
703	12 
704	7 
705	6 
706	15 
707	12 
708	5 
709	8 
710	12 
711	5 
712	8 
713	9 
714	15 
715	9 
716	12 
717	15 
718	11 
719	3 
720	13 
721	12 
722	8 
723	12 
724	1 
725	15 
726	2 
727	7 
728	6 
729	16 
730	12 
731	14 
732	7 
733	9 
734	10 
735	2 
736	9 
737	9 
738	13 
739	8 
740	1 
741	15 
742	4 
743	11 
744	5 
745	5 
746	7 
747	15 
748	12 
749	2 
750	16 
751	8 
752	7 
753	7 
754	1 
755	11 
756	10 
757	5 
758	6 
759	5 
760	3 
761	4 
762	8 
763	4 
764	13 
765	12 
766	5 
767	7 
768	2 
769	10 
770	7 
771	10 
772	1 
773	13 
774	15 
775	6 
776	2 
777	10 
778	4 
779	4 
780	1 
781	15 
782	8 
783	12 
784	4 
785	9 
786	8 
787	9 
788	16 
789	10 
790	9 
791	8 
792	8 
793	10 
794	8 
795	12 
796	5 
797	12 
798	1 
799	6 
800	4 
801	3 
802	11 
803	11 
804	7 
805	8 
806	6 
807	8 
808	14 
809	2 
810	11 
811	1 
812	8 
813	8 
814	8 
815	2 
816	14 
817	2 
818	11 
819	5 
820	11 
821	11 
822	15 
823	16 
824	10 
825	12 
826	6 
827	9 
828	12 
829	9 
830	8 
831	10 
832	9 
833	2 
834	10 
835	7 
836	13 
837	2 
838	16 
839	7 
840	7 
841	2 
842	7 
843	1 
844	9 
845	15 
846	15 
847	8 
848	13 
849	15 
850	10 
851	10 
852	5 
853	15 
854	2 
855	2 
856	5 
857	2 
858	6 
859	12 
860	5 
861	12 
862	10 
863	11 
864	15 
865	2 
866	5 
867	15 
868	2 
869	10 
870	1 
871	2 
872	7 
873	6 
874	13 
875	16 
876	4 
877	11 
878	14 
879	5 
880	4 
881	8 
882	1 
883	6 
884	7 
885	10 
886	12 
887	10 
888	8 
889	7 
890	7 
891	1 
892	10 
893	14 
894	9 
895	2 
896	5 
897	7 
898	9 
899	15 
900	15 
901	7 
902	4 
903	11 
904	15 
905	11 
906	9 
907	9 
908	1 
909	9 
910	10 
911	16 
912	1 
913	12 
914	16 
915	3 
916	13 
917	10 
918	2 
919	10 
920	13 
921	10 
922	16 
923	12 
924	11 
925	6 
926	11 
927	3 
928	11 
929	9 
930	1 
931	5 
932	12 
933	12 
934	15 
935	8 
936	1 
937	5 
938	12 
939	9 
940	12 
941	10 
942	7 
943	5 
944	4 
945	2 
946	8 
947	7 
948	8 
949	3 
950	13 
951	11 
952	7 
953	7 
954	12 
955	6 
956	9 
957	4 
958	2 
959	15 
960	10 
961	8 
962	11 
963	8 
964	1 
965	11 
966	9 
967	2 
968	8 
969	10 
970	10 
971	10 
972	1 
973	11 
974	16 
975	4 
976	1 
977	2 
978	10 
979	13 
980	10 
981	2 
982	7 
983	12 
984	15 
985	8 
986	12 
987	4 
988	11 
989	5 
990	6 
991	10 
992	9 
993	8 
994	8 
995	15 
996	4 
997	11 
998	7 
999	1 
1000	8 
