1	3 
2	20 
3	1 
4	8 
5	19 
6	5 
7	20 
8	22 
9	1 
10	4 
11	3 
12	15 
13	17 
14	3 
15	1 
16	10 
17	22 
18	19 
19	7 
20	19 
21	3 
22	19 
23	8 
24	20 
25	19 
26	20 
27	3 
28	1 
29	10 
30	17 
31	10 
32	2 
33	22 
34	6 
35	1 
36	7 
37	14 
38	3 
39	6 
40	19 
41	2 
42	21 
43	7 
44	12 
45	5 
46	12 
47	22 
48	10 
49	16 
50	1 
51	11 
52	12 
53	9 
54	6 
55	18 
56	10 
57	18 
58	16 
59	17 
60	7 
61	22 
62	22 
63	20 
64	6 
65	18 
66	1 
67	6 
68	3 
69	12 
70	3 
71	18 
72	10 
73	21 
74	1 
75	21 
76	2 
77	8 
78	14 
79	21 
80	11 
81	1 
82	10 
83	14 
84	10 
85	3 
86	2 
87	18 
88	16 
89	1 
90	2 
91	20 
92	13 
93	10 
94	2 
95	10 
96	9 
97	2 
98	22 
99	9 
100	8 
101	7 
102	16 
103	21 
104	20 
105	17 
106	7 
107	3 
108	18 
109	10 
110	18 
111	7 
112	2 
113	9 
114	1 
115	8 
116	15 
117	4 
118	2 
119	20 
120	8 
121	16 
122	12 
123	18 
124	19 
125	7 
126	18 
127	15 
128	17 
129	13 
130	7 
131	11 
132	20 
133	21 
134	7 
135	22 
136	20 
137	15 
138	22 
139	22 
140	10 
141	2 
142	18 
143	3 
144	5 
145	21 
146	9 
147	20 
148	19 
149	7 
150	11 
151	9 
152	9 
153	10 
154	2 
155	13 
156	20 
157	16 
158	8 
159	17 
160	16 
161	4 
162	1 
163	19 
164	11 
165	7 
166	18 
167	7 
168	4 
169	12 
170	13 
171	3 
172	11 
173	7 
174	5 
175	17 
176	19 
177	8 
178	2 
179	20 
180	7 
181	2 
182	22 
183	14 
184	22 
185	22 
186	2 
187	22 
188	2 
189	19 
190	22 
191	18 
192	10 
193	18 
194	19 
195	10 
196	14 
197	15 
198	1 
199	12 
200	4 
201	8 
202	19 
203	5 
204	13 
205	2 
206	4 
207	8 
208	19 
209	2 
210	4 
211	19 
212	3 
213	20 
214	19 
215	19 
216	10 
217	7 
218	10 
219	4 
220	14 
221	2 
222	11 
223	8 
224	22 
225	19 
226	1 
227	8 
228	1 
229	3 
230	6 
231	7 
232	4 
233	16 
234	10 
235	14 
236	3 
237	7 
238	3 
239	5 
240	22 
241	7 
242	4 
243	2 
244	2 
245	10 
246	14 
247	7 
248	10 
249	21 
250	13 
251	10 
252	19 
253	1 
254	1 
255	17 
256	18 
257	6 
258	12 
259	20 
260	19 
261	16 
262	10 
263	18 
264	22 
265	17 
266	1 
267	19 
268	14 
269	10 
270	20 
271	7 
272	10 
273	22 
274	18 
275	12 
276	10 
277	4 
278	3 
279	22 
280	13 
281	3 
282	2 
283	1 
284	2 
285	20 
286	9 
287	10 
288	2 
289	11 
290	13 
291	8 
292	10 
293	3 
294	8 
295	17 
296	2 
297	10 
298	10 
299	4 
300	2 
301	16 
302	17 
303	2 
304	10 
305	11 
306	10 
307	21 
308	8 
309	10 
310	22 
311	17 
312	2 
313	7 
314	15 
315	19 
316	22 
317	5 
318	1 
319	8 
320	22 
321	3 
322	8 
323	9 
324	15 
325	3 
326	14 
327	7 
328	2 
329	5 
330	20 
331	10 
332	1 
333	12 
334	2 
335	19 
336	10 
337	7 
338	8 
339	7 
340	18 
341	15 
342	12 
343	2 
344	17 
345	8 
346	3 
347	5 
348	7 
349	20 
350	1 
351	21 
352	22 
353	22 
354	12 
355	18 
356	1 
357	15 
358	3 
359	10 
360	2 
361	9 
362	1 
363	20 
364	20 
365	18 
366	20 
367	1 
368	4 
369	19 
370	7 
371	15 
372	20 
373	7 
374	14 
375	3 
376	10 
377	4 
378	18 
379	9 
380	2 
381	7 
382	2 
383	2 
384	6 
385	15 
386	18 
387	9 
388	7 
389	1 
390	15 
391	21 
392	2 
393	2 
394	6 
395	2 
396	21 
397	7 
398	16 
399	4 
400	18 
401	9 
402	13 
403	18 
404	21 
405	13 
406	12 
407	17 
408	1 
409	19 
410	3 
411	7 
412	11 
413	1 
414	1 
415	22 
416	5 
417	10 
418	2 
419	10 
420	2 
421	16 
422	10 
423	16 
424	15 
425	7 
426	9 
427	10 
428	7 
429	17 
430	20 
431	14 
432	12 
433	1 
434	10 
435	20 
436	15 
437	10 
438	7 
439	7 
440	5 
441	17 
442	2 
443	12 
444	21 
445	12 
446	17 
447	8 
448	10 
449	22 
450	10 
451	22 
452	16 
453	2 
454	19 
455	4 
456	2 
457	18 
458	13 
459	12 
460	17 
461	16 
462	10 
463	9 
464	2 
465	21 
466	21 
467	5 
468	2 
469	2 
470	7 
471	16 
472	2 
473	10 
474	6 
475	17 
476	19 
477	10 
478	5 
479	5 
480	22 
481	7 
482	9 
483	10 
484	1 
485	10 
486	7 
487	5 
488	5 
489	4 
490	4 
491	1 
492	3 
493	1 
494	22 
495	7 
496	1 
497	9 
498	9 
499	4 
500	10 
501	16 
502	18 
503	6 
504	8 
505	15 
506	17 
507	9 
508	10 
509	9 
510	4 
511	7 
512	2 
513	22 
514	2 
515	2 
516	21 
517	12 
518	20 
519	15 
520	2 
521	19 
522	7 
523	10 
524	10 
525	16 
526	5 
527	11 
528	7 
529	17 
530	10 
531	1 
532	7 
533	4 
534	14 
535	22 
536	5 
537	4 
538	18 
539	8 
540	20 
541	16 
542	17 
543	10 
544	21 
545	6 
546	17 
547	6 
548	15 
549	2 
550	1 
551	8 
552	7 
553	21 
554	8 
555	15 
556	22 
557	8 
558	20 
559	8 
560	20 
561	7 
562	14 
563	13 
564	7 
565	1 
566	19 
567	11 
568	14 
569	4 
570	22 
571	3 
572	20 
573	10 
574	9 
575	12 
576	19 
577	19 
578	21 
579	7 
580	9 
581	6 
582	20 
583	16 
584	16 
585	5 
586	13 
587	21 
588	10 
589	10 
590	12 
591	14 
592	12 
593	8 
594	10 
595	4 
596	2 
597	2 
598	6 
599	13 
600	18 
601	19 
602	20 
603	7 
604	14 
605	22 
606	2 
607	8 
608	10 
609	16 
610	19 
611	7 
612	8 
613	11 
614	11 
615	22 
616	19 
617	10 
618	1 
619	1 
620	7 
621	10 
622	15 
623	2 
624	19 
625	4 
626	14 
627	2 
628	8 
629	2 
630	20 
631	7 
632	3 
633	12 
634	14 
635	20 
636	7 
637	1 
638	20 
639	18 
640	7 
641	10 
642	21 
643	12 
644	20 
645	20 
646	3 
647	19 
648	18 
649	12 
650	2 
651	5 
652	11 
653	4 
654	11 
655	11 
656	18 
657	4 
658	15 
659	8 
660	7 
661	7 
662	4 
663	14 
664	14 
665	2 
666	12 
667	11 
668	7 
669	2 
670	17 
671	15 
672	17 
673	18 
674	13 
675	3 
676	13 
677	20 
678	10 
679	9 
680	2 
681	20 
682	9 
683	17 
684	21 
685	20 
686	4 
687	9 
688	11 
689	12 
690	2 
691	3 
692	19 
693	2 
694	10 
695	1 
696	3 
697	8 
698	1 
699	7 
700	1 
701	4 
702	4 
703	2 
704	19 
705	3 
706	11 
707	4 
708	21 
709	14 
710	16 
711	8 
712	19 
713	2 
714	9 
715	17 
716	20 
717	2 
718	19 
719	10 
720	22 
721	21 
722	7 
723	16 
724	2 
725	19 
726	20 
727	3 
728	7 
729	9 
730	9 
731	12 
732	7 
733	2 
734	10 
735	4 
736	8 
737	14 
738	7 
739	7 
740	1 
741	15 
742	15 
743	8 
744	16 
745	18 
746	7 
747	13 
748	5 
749	5 
750	18 
751	17 
752	11 
753	7 
754	6 
755	7 
756	4 
757	4 
758	21 
759	4 
760	2 
761	2 
762	11 
763	7 
764	9 
765	14 
766	3 
767	16 
768	3 
769	9 
770	10 
771	22 
772	2 
773	11 
774	10 
775	4 
776	6 
777	1 
778	2 
779	12 
780	7 
781	7 
782	11 
783	19 
784	7 
785	18 
786	11 
787	20 
788	7 
789	7 
790	21 
791	13 
792	2 
793	7 
794	22 
795	9 
796	15 
797	6 
798	17 
799	9 
800	3 
801	7 
802	8 
803	22 
804	3 
805	7 
806	2 
807	5 
808	6 
809	22 
810	11 
811	8 
812	22 
813	9 
814	2 
815	18 
816	11 
817	2 
818	18 
819	20 
820	1 
821	2 
822	17 
823	1 
824	2 
825	13 
826	22 
827	22 
828	9 
829	7 
830	6 
831	10 
832	10 
833	1 
834	8 
835	6 
836	2 
837	10 
838	4 
839	18 
840	2 
841	1 
842	5 
843	12 
844	18 
845	7 
846	12 
847	2 
848	2 
849	2 
850	2 
851	10 
852	15 
853	14 
854	13 
855	3 
856	7 
857	21 
858	9 
859	5 
860	9 
861	6 
862	1 
863	10 
864	2 
865	10 
866	2 
867	2 
868	3 
869	12 
870	21 
871	2 
872	12 
873	13 
874	9 
875	11 
876	20 
877	22 
878	13 
879	19 
880	7 
881	19 
882	10 
883	4 
884	6 
885	20 
886	20 
887	5 
888	14 
889	22 
890	2 
891	3 
892	5 
893	10 
894	2 
895	22 
896	4 
897	7 
898	2 
899	18 
900	14 
901	21 
902	13 
903	15 
904	19 
905	14 
906	7 
907	2 
908	14 
909	20 
910	17 
911	2 
912	10 
913	4 
914	19 
915	1 
916	10 
917	16 
918	13 
919	17 
920	18 
921	19 
922	7 
923	4 
924	20 
925	13 
926	6 
927	16 
928	2 
929	17 
930	4 
931	7 
932	19 
933	1 
934	8 
935	8 
936	4 
937	5 
938	10 
939	1 
940	14 
941	10 
942	15 
943	11 
944	10 
945	6 
946	3 
947	5 
948	18 
949	3 
950	20 
951	5 
952	14 
953	21 
954	7 
955	2 
956	12 
957	8 
958	4 
959	1 
960	7 
961	14 
962	2 
963	4 
964	7 
965	7 
966	8 
967	2 
968	7 
969	18 
970	21 
971	1 
972	9 
973	4 
974	16 
975	3 
976	17 
977	16 
978	3 
979	11 
980	4 
981	1 
982	17 
983	21 
984	4 
985	8 
986	2 
987	4 
988	21 
989	21 
990	18 
991	9 
992	7 
993	19 
994	20 
995	2 
996	20 
997	19 
998	22 
999	22 
1000	7 
