1	15 
2	10 
3	11 
4	4 
5	2 
6	5 
7	2 
8	2 
9	2 
10	11 
11	2 
12	12 
13	20 
14	14 
15	7 
16	7 
17	5 
18	18 
19	7 
20	1 
21	11 
22	17 
23	3 
24	7 
25	6 
26	16 
27	16 
28	7 
29	14 
30	7 
31	11 
32	12 
33	16 
34	16 
35	2 
36	16 
37	15 
38	15 
39	15 
40	1 
41	2 
42	10 
43	2 
44	20 
45	17 
46	6 
47	3 
48	17 
49	7 
50	17 
51	13 
52	17 
53	12 
54	19 
55	16 
56	18 
57	4 
58	11 
59	1 
60	18 
61	7 
62	20 
63	14 
64	9 
65	15 
66	18 
67	11 
68	7 
69	14 
70	7 
71	9 
72	13 
73	16 
74	14 
75	4 
76	9 
77	16 
78	2 
79	5 
80	3 
81	7 
82	2 
83	18 
84	14 
85	19 
86	17 
87	8 
88	6 
89	6 
90	18 
91	7 
92	20 
93	10 
94	7 
95	5 
96	11 
97	16 
98	19 
99	18 
100	1 
101	16 
102	9 
103	13 
104	16 
105	7 
106	8 
107	18 
108	3 
109	5 
110	15 
111	2 
112	16 
113	17 
114	12 
115	17 
116	20 
117	7 
118	8 
119	11 
120	5 
121	14 
122	5 
123	12 
124	15 
125	18 
126	11 
127	14 
128	18 
129	16 
130	7 
131	2 
132	2 
133	16 
134	17 
135	11 
136	17 
137	11 
138	5 
139	6 
140	4 
141	10 
142	16 
143	18 
144	18 
145	10 
146	11 
147	2 
148	11 
149	4 
150	2 
151	7 
152	9 
153	5 
154	4 
155	2 
156	16 
157	16 
158	5 
159	16 
160	15 
161	16 
162	12 
163	16 
164	16 
165	7 
166	20 
167	7 
168	8 
169	13 
170	4 
171	6 
172	1 
173	15 
174	6 
175	19 
176	16 
177	20 
178	12 
179	12 
180	5 
181	17 
182	13 
183	18 
184	7 
185	11 
186	17 
187	8 
188	13 
189	11 
190	12 
191	3 
192	14 
193	16 
194	2 
195	11 
196	16 
197	18 
198	4 
199	18 
200	9 
201	17 
202	1 
203	1 
204	11 
205	7 
206	17 
207	2 
208	12 
209	17 
210	3 
211	17 
212	11 
213	7 
214	18 
215	13 
216	2 
217	7 
218	5 
219	19 
220	5 
221	4 
222	7 
223	4 
224	4 
225	18 
226	19 
227	7 
228	20 
229	5 
230	4 
231	18 
232	17 
233	16 
234	13 
235	10 
236	20 
237	11 
238	7 
239	7 
240	6 
241	19 
242	5 
243	16 
244	16 
245	15 
246	7 
247	7 
248	11 
249	17 
250	17 
251	12 
252	18 
253	13 
254	16 
255	7 
256	10 
257	18 
258	7 
259	8 
260	15 
261	15 
262	14 
263	18 
264	2 
265	13 
266	12 
267	17 
268	2 
269	17 
270	16 
271	19 
272	20 
273	4 
274	16 
275	6 
276	18 
277	9 
278	11 
279	11 
280	16 
281	3 
282	11 
283	7 
284	17 
285	19 
286	8 
287	7 
288	17 
289	7 
290	9 
291	15 
292	11 
293	12 
294	2 
295	4 
296	17 
297	5 
298	16 
299	7 
300	17 
301	11 
302	13 
303	17 
304	20 
305	3 
306	16 
307	9 
308	18 
309	13 
310	5 
311	5 
312	5 
313	16 
314	16 
315	8 
316	2 
317	20 
318	13 
319	2 
320	10 
321	20 
322	3 
323	15 
324	17 
325	5 
326	7 
327	11 
328	3 
329	4 
330	20 
331	17 
332	2 
333	17 
334	3 
335	15 
336	1 
337	13 
338	16 
339	16 
340	15 
341	4 
342	13 
343	14 
344	14 
345	8 
346	12 
347	12 
348	11 
349	7 
350	13 
351	18 
352	9 
353	11 
354	4 
355	20 
356	11 
357	1 
358	2 
359	16 
360	2 
361	14 
362	1 
363	7 
364	10 
365	8 
366	7 
367	15 
368	9 
369	18 
370	17 
371	13 
372	11 
373	9 
374	18 
375	12 
376	12 
377	17 
378	14 
379	18 
380	16 
381	19 
382	15 
383	18 
384	17 
385	6 
386	2 
387	17 
388	14 
389	6 
390	9 
391	12 
392	15 
393	5 
394	7 
395	15 
396	4 
397	15 
398	11 
399	4 
400	13 
401	8 
402	15 
403	4 
404	15 
405	18 
406	16 
407	11 
408	10 
409	16 
410	7 
411	18 
412	11 
413	10 
414	19 
415	12 
416	12 
417	11 
418	17 
419	11 
420	15 
421	18 
422	2 
423	15 
424	7 
425	13 
426	20 
427	16 
428	17 
429	17 
430	7 
431	18 
432	13 
433	13 
434	18 
435	13 
436	5 
437	1 
438	5 
439	2 
440	4 
441	16 
442	15 
443	17 
444	3 
445	18 
446	16 
447	3 
448	2 
449	17 
450	11 
451	17 
452	7 
453	13 
454	14 
455	20 
456	4 
457	18 
458	18 
459	2 
460	11 
461	11 
462	7 
463	1 
464	2 
465	16 
466	18 
467	3 
468	4 
469	10 
470	14 
471	14 
472	17 
473	13 
474	20 
475	17 
476	14 
477	15 
478	7 
479	4 
480	17 
481	13 
482	13 
483	18 
484	19 
485	9 
486	2 
487	1 
488	12 
489	6 
490	7 
491	5 
492	18 
493	7 
494	17 
495	10 
496	5 
497	19 
498	7 
499	19 
500	13 
501	15 
502	16 
503	18 
504	4 
505	15 
506	9 
507	8 
508	18 
509	4 
510	7 
511	14 
512	15 
513	20 
514	18 
515	20 
516	10 
517	15 
518	16 
519	5 
520	4 
521	7 
522	13 
523	11 
524	16 
525	4 
526	14 
527	16 
528	14 
529	4 
530	14 
531	17 
532	13 
533	4 
534	5 
535	10 
536	5 
537	2 
538	14 
539	13 
540	2 
541	13 
542	16 
543	16 
544	13 
545	16 
546	16 
547	16 
548	7 
549	10 
550	18 
551	7 
552	7 
553	17 
554	7 
555	10 
556	15 
557	4 
558	19 
559	14 
560	17 
561	14 
562	6 
563	16 
564	6 
565	5 
566	15 
567	16 
568	6 
569	16 
570	17 
571	17 
572	18 
573	20 
574	7 
575	18 
576	9 
577	12 
578	12 
579	1 
580	7 
581	17 
582	16 
583	15 
584	11 
585	11 
586	9 
587	17 
588	13 
589	17 
590	2 
591	11 
592	17 
593	15 
594	3 
595	14 
596	12 
597	4 
598	20 
599	7 
600	2 
601	17 
602	4 
603	18 
604	17 
605	6 
606	1 
607	7 
608	11 
609	7 
610	1 
611	16 
612	9 
613	15 
614	14 
615	18 
616	7 
617	16 
618	8 
619	8 
620	17 
621	17 
622	7 
623	3 
624	6 
625	16 
626	13 
627	6 
628	15 
629	20 
630	16 
631	13 
632	18 
633	20 
634	4 
635	20 
636	18 
637	18 
638	3 
639	4 
640	1 
641	18 
642	11 
643	7 
644	14 
645	6 
646	15 
647	15 
648	6 
649	10 
650	17 
651	12 
652	15 
653	2 
654	3 
655	15 
656	17 
657	19 
658	16 
659	17 
660	11 
661	14 
662	2 
663	7 
664	16 
665	15 
666	11 
667	2 
668	5 
669	14 
670	7 
671	7 
672	6 
673	20 
674	9 
675	19 
676	16 
677	14 
678	17 
679	17 
680	15 
681	14 
682	18 
683	18 
684	3 
685	17 
686	12 
687	13 
688	1 
689	11 
690	7 
691	18 
692	17 
693	11 
694	2 
695	16 
696	7 
697	7 
698	14 
699	10 
700	14 
701	12 
702	13 
703	10 
704	2 
705	15 
706	7 
707	14 
708	19 
709	17 
710	17 
711	7 
712	12 
713	2 
714	5 
715	4 
716	11 
717	18 
718	18 
719	7 
720	8 
721	18 
722	7 
723	15 
724	16 
725	15 
726	15 
727	14 
728	19 
729	12 
730	13 
731	5 
732	1 
733	2 
734	5 
735	14 
736	5 
737	12 
738	17 
739	18 
740	14 
741	18 
742	16 
743	17 
744	18 
745	4 
746	18 
747	18 
748	18 
749	7 
750	10 
751	16 
752	11 
753	15 
754	13 
755	12 
756	5 
757	3 
758	16 
759	15 
760	13 
761	14 
762	14 
763	15 
764	16 
765	15 
766	14 
767	11 
768	5 
769	16 
770	2 
771	20 
772	6 
773	5 
774	14 
775	7 
776	8 
777	17 
778	17 
779	10 
780	5 
781	1 
782	15 
783	7 
784	2 
785	7 
786	11 
787	18 
788	8 
789	2 
790	2 
791	12 
792	4 
793	14 
794	12 
795	17 
796	11 
797	7 
798	2 
799	3 
800	16 
801	18 
802	8 
803	15 
804	6 
805	13 
806	20 
807	18 
808	11 
809	18 
810	15 
811	3 
812	15 
813	5 
814	1 
815	12 
816	11 
817	17 
818	7 
819	14 
820	5 
821	15 
822	13 
823	20 
824	20 
825	7 
826	17 
827	15 
828	3 
829	20 
830	16 
831	13 
832	9 
833	16 
834	15 
835	9 
836	7 
837	3 
838	16 
839	5 
840	12 
841	11 
842	17 
843	9 
844	9 
845	16 
846	7 
847	7 
848	10 
849	12 
850	12 
851	18 
852	5 
853	3 
854	19 
855	11 
856	8 
857	18 
858	12 
859	7 
860	20 
861	16 
862	2 
863	11 
864	13 
865	15 
866	18 
867	16 
868	11 
869	18 
870	13 
871	2 
872	17 
873	9 
874	18 
875	5 
876	7 
877	20 
878	8 
879	12 
880	2 
881	11 
882	10 
883	5 
884	14 
885	18 
886	17 
887	2 
888	3 
889	6 
890	3 
891	7 
892	11 
893	18 
894	17 
895	17 
896	18 
897	14 
898	11 
899	4 
900	16 
901	12 
902	7 
903	18 
904	2 
905	5 
906	12 
907	4 
908	11 
909	19 
910	19 
911	6 
912	4 
913	15 
914	7 
915	18 
916	7 
917	14 
918	16 
919	14 
920	3 
921	18 
922	13 
923	13 
924	12 
925	19 
926	1 
927	8 
928	4 
929	6 
930	16 
931	19 
932	16 
933	15 
934	17 
935	12 
936	17 
937	7 
938	16 
939	12 
940	2 
941	15 
942	17 
943	7 
944	17 
945	8 
946	2 
947	7 
948	6 
949	11 
950	13 
951	12 
952	1 
953	7 
954	20 
955	15 
956	11 
957	16 
958	11 
959	13 
960	11 
961	19 
962	16 
963	15 
964	2 
965	16 
966	7 
967	16 
968	15 
969	4 
970	16 
971	14 
972	13 
973	18 
974	7 
975	16 
976	11 
977	6 
978	11 
979	11 
980	18 
981	7 
982	16 
983	9 
984	3 
985	14 
986	7 
987	7 
988	18 
989	2 
990	2 
991	18 
992	18 
993	18 
994	11 
995	5 
996	11 
997	7 
998	13 
999	11 
1000	5 
