1	4 
2	14 
3	13 
4	8 
5	1 
6	4 
7	9 
8	12 
9	17 
10	9 
11	10 
12	9 
13	16 
14	6 
15	3 
16	14 
17	3 
18	3 
19	2 
20	7 
21	12 
22	2 
23	11 
24	2 
25	16 
26	12 
27	2 
28	8 
29	5 
30	4 
31	8 
32	6 
33	8 
34	4 
35	4 
36	3 
37	15 
38	9 
39	11 
40	12 
41	15 
42	12 
43	17 
44	3 
45	17 
46	12 
47	16 
48	16 
49	5 
50	10 
51	18 
52	17 
53	15 
54	3 
55	2 
56	7 
57	8 
58	14 
59	4 
60	16 
61	15 
62	18 
63	4 
64	4 
65	3 
66	2 
67	15 
68	16 
69	17 
70	18 
71	8 
72	2 
73	8 
74	1 
75	9 
76	13 
77	6 
78	6 
79	10 
80	11 
81	6 
82	14 
83	9 
84	17 
85	2 
86	15 
87	8 
88	3 
89	16 
90	4 
91	2 
92	12 
93	16 
94	13 
95	12 
96	3 
97	12 
98	9 
99	5 
100	4 
101	7 
102	8 
103	17 
104	18 
105	5 
106	15 
107	1 
108	12 
109	18 
110	8 
111	15 
112	1 
113	8 
114	14 
115	12 
116	7 
117	2 
118	12 
119	16 
120	17 
121	5 
122	16 
123	9 
124	6 
125	10 
126	3 
127	2 
128	4 
129	3 
130	8 
131	5 
132	18 
133	6 
134	5 
135	10 
136	3 
137	13 
138	2 
139	15 
140	11 
141	4 
142	8 
143	3 
144	16 
145	4 
146	14 
147	9 
148	8 
149	12 
150	16 
151	2 
152	8 
153	8 
154	2 
155	1 
156	9 
157	11 
158	7 
159	18 
160	9 
161	4 
162	17 
163	9 
164	13 
165	17 
166	3 
167	2 
168	16 
169	12 
170	8 
171	3 
172	9 
173	10 
174	3 
175	4 
176	12 
177	18 
178	17 
179	8 
180	9 
181	9 
182	14 
183	10 
184	4 
185	18 
186	12 
187	4 
188	15 
189	7 
190	8 
191	18 
192	2 
193	3 
194	10 
195	6 
196	12 
197	9 
198	3 
199	16 
200	3 
201	9 
202	12 
203	10 
204	4 
205	3 
206	5 
207	4 
208	13 
209	3 
210	8 
211	17 
212	8 
213	12 
214	4 
215	13 
216	18 
217	2 
218	7 
219	14 
220	8 
221	14 
222	2 
223	3 
224	17 
225	17 
226	16 
227	8 
228	11 
229	4 
230	5 
231	5 
232	12 
233	4 
234	1 
235	4 
236	5 
237	11 
238	9 
239	2 
240	2 
241	8 
242	12 
243	16 
244	2 
245	9 
246	15 
247	3 
248	2 
249	8 
250	8 
251	2 
252	4 
253	13 
254	12 
255	3 
256	8 
257	3 
258	11 
259	9 
260	10 
261	4 
262	2 
263	15 
264	14 
265	14 
266	13 
267	16 
268	12 
269	4 
270	8 
271	1 
272	2 
273	12 
274	12 
275	13 
276	8 
277	9 
278	9 
279	5 
280	4 
281	8 
282	17 
283	14 
284	4 
285	1 
286	12 
287	15 
288	17 
289	14 
290	10 
291	5 
292	4 
293	8 
294	3 
295	9 
296	10 
297	2 
298	12 
299	9 
300	7 
301	8 
302	6 
303	16 
304	18 
305	8 
306	10 
307	17 
308	4 
309	9 
310	7 
311	16 
312	18 
313	5 
314	1 
315	18 
316	2 
317	10 
318	4 
319	15 
320	11 
321	5 
322	5 
323	2 
324	3 
325	5 
326	11 
327	9 
328	17 
329	7 
330	4 
331	2 
332	16 
333	15 
334	4 
335	18 
336	9 
337	1 
338	5 
339	8 
340	4 
341	1 
342	12 
343	2 
344	2 
345	15 
346	6 
347	17 
348	16 
349	8 
350	15 
351	3 
352	4 
353	13 
354	4 
355	2 
356	16 
357	4 
358	18 
359	4 
360	14 
361	13 
362	8 
363	8 
364	7 
365	4 
366	9 
367	8 
368	8 
369	13 
370	5 
371	12 
372	11 
373	9 
374	17 
375	9 
376	6 
377	9 
378	2 
379	3 
380	5 
381	18 
382	12 
383	9 
384	3 
385	9 
386	9 
387	8 
388	4 
389	4 
390	3 
391	6 
392	3 
393	6 
394	2 
395	17 
396	14 
397	12 
398	8 
399	8 
400	2 
401	12 
402	2 
403	8 
404	10 
405	16 
406	18 
407	12 
408	11 
409	15 
410	2 
411	6 
412	7 
413	8 
414	9 
415	4 
416	18 
417	16 
418	6 
419	15 
420	11 
421	6 
422	16 
423	12 
424	5 
425	17 
426	12 
427	1 
428	3 
429	17 
430	5 
431	17 
432	5 
433	9 
434	15 
435	12 
436	4 
437	7 
438	9 
439	12 
440	13 
441	8 
442	12 
443	13 
444	3 
445	8 
446	8 
447	1 
448	3 
449	18 
450	8 
451	10 
452	4 
453	9 
454	2 
455	10 
456	11 
457	4 
458	3 
459	3 
460	9 
461	11 
462	2 
463	9 
464	9 
465	6 
466	2 
467	3 
468	16 
469	10 
470	5 
471	18 
472	11 
473	6 
474	14 
475	15 
476	1 
477	18 
478	8 
479	9 
480	1 
481	8 
482	4 
483	10 
484	4 
485	18 
486	15 
487	8 
488	10 
489	6 
490	15 
491	17 
492	3 
493	17 
494	14 
495	18 
496	15 
497	7 
498	8 
499	16 
500	9 
501	12 
502	3 
503	4 
504	12 
505	6 
506	12 
507	18 
508	9 
509	16 
510	15 
511	2 
512	8 
513	8 
514	4 
515	3 
516	14 
517	15 
518	15 
519	5 
520	1 
521	5 
522	17 
523	2 
524	4 
525	11 
526	15 
527	12 
528	4 
529	4 
530	12 
531	15 
532	12 
533	16 
534	8 
535	12 
536	11 
537	2 
538	12 
539	18 
540	6 
541	14 
542	14 
543	17 
544	18 
545	14 
546	3 
547	8 
548	4 
549	12 
550	14 
551	4 
552	16 
553	16 
554	18 
555	13 
556	3 
557	16 
558	9 
559	2 
560	13 
561	16 
562	8 
563	12 
564	12 
565	4 
566	11 
567	16 
568	3 
569	16 
570	12 
571	4 
572	3 
573	17 
574	6 
575	17 
576	6 
577	4 
578	3 
579	4 
580	15 
581	3 
582	8 
583	3 
584	2 
585	8 
586	4 
587	3 
588	4 
589	8 
590	10 
591	12 
592	9 
593	16 
594	16 
595	8 
596	16 
597	14 
598	12 
599	8 
600	13 
601	18 
602	3 
603	13 
604	2 
605	15 
606	10 
607	4 
608	4 
609	17 
610	15 
611	3 
612	9 
613	7 
614	3 
615	15 
616	3 
617	7 
618	4 
619	8 
620	5 
621	2 
622	11 
623	14 
624	7 
625	4 
626	15 
627	6 
628	8 
629	1 
630	9 
631	6 
632	3 
633	2 
634	11 
635	15 
636	4 
637	12 
638	7 
639	8 
640	8 
641	6 
642	5 
643	15 
644	6 
645	3 
646	2 
647	13 
648	4 
649	6 
650	14 
651	14 
652	13 
653	8 
654	10 
655	9 
656	12 
657	4 
658	9 
659	18 
660	17 
661	2 
662	2 
663	2 
664	16 
665	3 
666	11 
667	15 
668	8 
669	2 
670	18 
671	18 
672	18 
673	3 
674	2 
675	10 
676	2 
677	2 
678	18 
679	14 
680	11 
681	9 
682	9 
683	16 
684	2 
685	13 
686	8 
687	10 
688	17 
689	17 
690	4 
691	3 
692	8 
693	2 
694	5 
695	18 
696	12 
697	10 
698	1 
699	8 
700	2 
701	2 
702	4 
703	8 
704	2 
705	8 
706	12 
707	5 
708	13 
709	9 
710	12 
711	18 
712	18 
713	2 
714	1 
715	18 
716	16 
717	2 
718	17 
719	8 
720	16 
721	17 
722	2 
723	17 
724	8 
725	6 
726	16 
727	8 
728	3 
729	5 
730	11 
731	9 
732	16 
733	10 
734	12 
735	18 
736	4 
737	4 
738	15 
739	2 
740	3 
741	8 
742	7 
743	9 
744	12 
745	17 
746	5 
747	12 
748	15 
749	12 
750	4 
751	4 
752	12 
753	12 
754	6 
755	6 
756	3 
757	12 
758	6 
759	2 
760	16 
761	8 
762	8 
763	3 
764	16 
765	13 
766	15 
767	12 
768	7 
769	7 
770	10 
771	14 
772	4 
773	17 
774	18 
775	3 
776	8 
777	13 
778	10 
779	13 
780	14 
781	2 
782	2 
783	17 
784	17 
785	12 
786	4 
787	12 
788	4 
789	17 
790	14 
791	17 
792	9 
793	14 
794	9 
795	18 
796	17 
797	5 
798	4 
799	8 
800	2 
801	4 
802	3 
803	10 
804	5 
805	11 
806	4 
807	18 
808	18 
809	7 
810	4 
811	4 
812	8 
813	14 
814	9 
815	18 
816	3 
817	15 
818	18 
819	2 
820	15 
821	4 
822	2 
823	2 
824	4 
825	17 
826	4 
827	17 
828	15 
829	4 
830	16 
831	12 
832	9 
833	8 
834	13 
835	14 
836	17 
837	8 
838	3 
839	12 
840	18 
841	9 
842	3 
843	12 
844	14 
845	6 
846	12 
847	18 
848	4 
849	9 
850	17 
851	12 
852	12 
853	13 
854	14 
855	3 
856	15 
857	8 
858	3 
859	8 
860	16 
861	8 
862	2 
863	18 
864	8 
865	4 
866	3 
867	12 
868	9 
869	12 
870	4 
871	7 
872	16 
873	4 
874	3 
875	4 
876	9 
877	3 
878	15 
879	8 
880	12 
881	15 
882	12 
883	15 
884	12 
885	15 
886	4 
887	16 
888	2 
889	17 
890	6 
891	2 
892	11 
893	10 
894	5 
895	16 
896	12 
897	16 
898	9 
899	18 
900	8 
901	2 
902	3 
903	9 
904	14 
905	14 
906	8 
907	7 
908	12 
909	18 
910	12 
911	2 
912	5 
913	18 
914	5 
915	3 
916	6 
917	17 
918	3 
919	16 
920	5 
921	9 
922	12 
923	9 
924	1 
925	3 
926	13 
927	3 
928	8 
929	8 
930	13 
931	4 
932	8 
933	18 
934	9 
935	3 
936	12 
937	1 
938	7 
939	8 
940	7 
941	9 
942	1 
943	3 
944	9 
945	14 
946	3 
947	9 
948	9 
949	8 
950	17 
951	2 
952	5 
953	3 
954	6 
955	9 
956	9 
957	12 
958	16 
959	8 
960	17 
961	8 
962	5 
963	16 
964	2 
965	17 
966	5 
967	15 
968	9 
969	9 
970	2 
971	15 
972	16 
973	2 
974	9 
975	12 
976	5 
977	4 
978	9 
979	2 
980	13 
981	5 
982	18 
983	8 
984	8 
985	18 
986	8 
987	8 
988	4 
989	2 
990	4 
991	4 
992	15 
993	4 
994	17 
995	13 
996	10 
997	13 
998	4 
999	10 
1000	5 
