1	10 
2	13 
3	3 
4	2 
5	5 
6	8 
7	10 
8	9 
9	3 
10	12 
11	6 
12	21 
13	14 
14	10 
15	17 
16	8 
17	2 
18	13 
19	17 
20	12 
21	9 
22	2 
23	4 
24	7 
25	9 
26	13 
27	18 
28	1 
29	12 
30	8 
31	10 
32	16 
33	6 
34	16 
35	17 
36	3 
37	4 
38	11 
39	14 
40	19 
41	9 
42	12 
43	12 
44	2 
45	22 
46	9 
47	12 
48	18 
49	4 
50	17 
51	19 
52	7 
53	16 
54	11 
55	16 
56	8 
57	21 
58	12 
59	10 
60	12 
61	22 
62	2 
63	5 
64	8 
65	16 
66	1 
67	10 
68	21 
69	8 
70	18 
71	4 
72	13 
73	10 
74	8 
75	10 
76	6 
77	10 
78	2 
79	9 
80	5 
81	2 
82	5 
83	7 
84	14 
85	9 
86	3 
87	10 
88	14 
89	9 
90	22 
91	18 
92	4 
93	10 
94	9 
95	1 
96	13 
97	13 
98	22 
99	14 
100	13 
101	1 
102	7 
103	4 
104	7 
105	19 
106	2 
107	12 
108	17 
109	19 
110	1 
111	2 
112	13 
113	2 
114	16 
115	21 
116	12 
117	3 
118	10 
119	5 
120	18 
121	19 
122	10 
123	11 
124	2 
125	1 
126	1 
127	13 
128	10 
129	2 
130	18 
131	12 
132	8 
133	18 
134	19 
135	5 
136	15 
137	4 
138	2 
139	23 
140	3 
141	23 
142	10 
143	22 
144	6 
145	12 
146	1 
147	1 
148	18 
149	12 
150	8 
151	1 
152	2 
153	1 
154	12 
155	5 
156	21 
157	2 
158	13 
159	10 
160	13 
161	18 
162	2 
163	3 
164	2 
165	14 
166	19 
167	15 
168	4 
169	1 
170	21 
171	3 
172	23 
173	9 
174	22 
175	15 
176	5 
177	16 
178	13 
179	20 
180	9 
181	15 
182	2 
183	19 
184	6 
185	9 
186	2 
187	11 
188	10 
189	8 
190	1 
191	8 
192	7 
193	14 
194	2 
195	20 
196	6 
197	20 
198	22 
199	21 
200	17 
201	2 
202	19 
203	20 
204	9 
205	15 
206	16 
207	15 
208	8 
209	6 
210	20 
211	23 
212	22 
213	17 
214	18 
215	21 
216	13 
217	23 
218	23 
219	15 
220	15 
221	9 
222	12 
223	13 
224	7 
225	13 
226	17 
227	4 
228	16 
229	7 
230	12 
231	1 
232	17 
233	18 
234	8 
235	7 
236	20 
237	5 
238	8 
239	14 
240	1 
241	7 
242	4 
243	1 
244	4 
245	1 
246	10 
247	19 
248	17 
249	10 
250	1 
251	5 
252	8 
253	14 
254	6 
255	11 
256	9 
257	1 
258	12 
259	5 
260	21 
261	19 
262	5 
263	20 
264	12 
265	8 
266	15 
267	10 
268	9 
269	18 
270	9 
271	4 
272	21 
273	2 
274	23 
275	12 
276	10 
277	4 
278	9 
279	3 
280	4 
281	1 
282	4 
283	3 
284	1 
285	13 
286	13 
287	21 
288	1 
289	1 
290	15 
291	19 
292	4 
293	18 
294	9 
295	1 
296	4 
297	21 
298	15 
299	1 
300	12 
301	9 
302	8 
303	6 
304	18 
305	1 
306	23 
307	13 
308	4 
309	4 
310	4 
311	11 
312	12 
313	15 
314	13 
315	5 
316	21 
317	23 
318	15 
319	9 
320	2 
321	3 
322	1 
323	18 
324	1 
325	8 
326	7 
327	15 
328	21 
329	19 
330	18 
331	2 
332	9 
333	11 
334	8 
335	14 
336	19 
337	6 
338	4 
339	10 
340	12 
341	4 
342	7 
343	21 
344	1 
345	18 
346	1 
347	15 
348	8 
349	14 
350	19 
351	10 
352	4 
353	23 
354	16 
355	18 
356	17 
357	13 
358	2 
359	20 
360	17 
361	10 
362	15 
363	19 
364	2 
365	13 
366	16 
367	10 
368	11 
369	6 
370	14 
371	9 
372	23 
373	6 
374	15 
375	15 
376	13 
377	14 
378	5 
379	21 
380	1 
381	10 
382	2 
383	18 
384	10 
385	3 
386	9 
387	2 
388	17 
389	1 
390	17 
391	12 
392	20 
393	20 
394	18 
395	16 
396	22 
397	19 
398	16 
399	5 
400	17 
401	10 
402	23 
403	18 
404	18 
405	18 
406	19 
407	11 
408	19 
409	15 
410	10 
411	4 
412	1 
413	1 
414	15 
415	21 
416	2 
417	22 
418	13 
419	20 
420	18 
421	13 
422	13 
423	15 
424	18 
425	18 
426	16 
427	18 
428	14 
429	18 
430	4 
431	2 
432	18 
433	9 
434	10 
435	1 
436	8 
437	15 
438	15 
439	1 
440	1 
441	8 
442	1 
443	7 
444	2 
445	23 
446	14 
447	10 
448	15 
449	5 
450	1 
451	11 
452	19 
453	18 
454	13 
455	6 
456	15 
457	11 
458	20 
459	5 
460	13 
461	8 
462	10 
463	4 
464	13 
465	5 
466	2 
467	3 
468	1 
469	14 
470	19 
471	8 
472	6 
473	10 
474	13 
475	9 
476	17 
477	16 
478	15 
479	1 
480	10 
481	13 
482	7 
483	1 
484	6 
485	1 
486	9 
487	16 
488	18 
489	11 
490	5 
491	15 
492	12 
493	10 
494	1 
495	20 
496	22 
497	20 
498	12 
499	11 
500	9 
501	9 
502	10 
503	7 
504	2 
505	17 
506	22 
507	21 
508	1 
509	18 
510	12 
511	13 
512	11 
513	8 
514	15 
515	10 
516	4 
517	10 
518	5 
519	6 
520	15 
521	10 
522	10 
523	2 
524	3 
525	23 
526	8 
527	3 
528	20 
529	6 
530	2 
531	13 
532	8 
533	9 
534	6 
535	10 
536	22 
537	9 
538	18 
539	11 
540	4 
541	6 
542	20 
543	10 
544	10 
545	13 
546	22 
547	2 
548	3 
549	7 
550	4 
551	14 
552	17 
553	9 
554	21 
555	23 
556	15 
557	1 
558	9 
559	13 
560	23 
561	21 
562	15 
563	15 
564	7 
565	13 
566	13 
567	2 
568	2 
569	10 
570	8 
571	23 
572	4 
573	13 
574	9 
575	16 
576	6 
577	19 
578	3 
579	9 
580	15 
581	3 
582	17 
583	20 
584	22 
585	9 
586	13 
587	20 
588	1 
589	10 
590	15 
591	13 
592	15 
593	8 
594	1 
595	1 
596	11 
597	17 
598	1 
599	1 
600	15 
601	14 
602	15 
603	3 
604	21 
605	10 
606	2 
607	21 
608	14 
609	4 
610	10 
611	15 
612	19 
613	13 
614	5 
615	1 
616	23 
617	13 
618	23 
619	22 
620	15 
621	18 
622	21 
623	9 
624	19 
625	13 
626	1 
627	23 
628	13 
629	21 
630	19 
631	18 
632	1 
633	14 
634	11 
635	3 
636	16 
637	8 
638	1 
639	19 
640	16 
641	19 
642	23 
643	22 
644	22 
645	21 
646	13 
647	14 
648	7 
649	4 
650	11 
651	17 
652	3 
653	2 
654	14 
655	15 
656	6 
657	8 
658	7 
659	4 
660	6 
661	2 
662	4 
663	15 
664	16 
665	10 
666	1 
667	15 
668	19 
669	10 
670	16 
671	22 
672	20 
673	8 
674	22 
675	22 
676	18 
677	4 
678	5 
679	7 
680	1 
681	19 
682	15 
683	7 
684	3 
685	10 
686	11 
687	3 
688	1 
689	13 
690	3 
691	13 
692	10 
693	15 
694	19 
695	16 
696	5 
697	1 
698	17 
699	19 
700	7 
701	14 
702	18 
703	1 
704	18 
705	9 
706	4 
707	23 
708	4 
709	1 
710	20 
711	9 
712	10 
713	10 
714	3 
715	9 
716	15 
717	1 
718	19 
719	18 
720	18 
721	15 
722	1 
723	15 
724	6 
725	5 
726	7 
727	14 
728	3 
729	1 
730	20 
731	13 
732	13 
733	1 
734	17 
735	12 
736	8 
737	12 
738	2 
739	13 
740	21 
741	20 
742	10 
743	2 
744	1 
745	11 
746	5 
747	17 
748	10 
749	1 
750	2 
751	1 
752	2 
753	9 
754	18 
755	1 
756	4 
757	16 
758	9 
759	6 
760	1 
761	7 
762	13 
763	4 
764	17 
765	6 
766	17 
767	23 
768	13 
769	1 
770	9 
771	16 
772	18 
773	18 
774	19 
775	2 
776	14 
777	10 
778	1 
779	3 
780	19 
781	14 
782	9 
783	15 
784	10 
785	11 
786	17 
787	8 
788	18 
789	18 
790	2 
791	4 
792	10 
793	23 
794	5 
795	13 
796	17 
797	8 
798	15 
799	2 
800	14 
801	8 
802	22 
803	14 
804	12 
805	2 
806	13 
807	18 
808	21 
809	1 
810	18 
811	14 
812	13 
813	20 
814	12 
815	12 
816	4 
817	23 
818	2 
819	10 
820	10 
821	1 
822	11 
823	11 
824	8 
825	10 
826	14 
827	14 
828	10 
829	2 
830	12 
831	13 
832	4 
833	8 
834	3 
835	11 
836	15 
837	2 
838	13 
839	21 
840	20 
841	18 
842	7 
843	20 
844	7 
845	4 
846	1 
847	19 
848	9 
849	20 
850	17 
851	11 
852	8 
853	5 
854	3 
855	10 
856	23 
857	11 
858	18 
859	15 
860	15 
861	17 
862	10 
863	1 
864	9 
865	3 
866	3 
867	12 
868	13 
869	2 
870	8 
871	23 
872	15 
873	3 
874	2 
875	19 
876	4 
877	10 
878	12 
879	10 
880	4 
881	12 
882	3 
883	11 
884	15 
885	23 
886	1 
887	14 
888	18 
889	18 
890	10 
891	19 
892	18 
893	11 
894	14 
895	4 
896	18 
897	9 
898	14 
899	1 
900	2 
901	4 
902	1 
903	18 
904	9 
905	23 
906	13 
907	21 
908	15 
909	19 
910	2 
911	13 
912	13 
913	23 
914	11 
915	18 
916	18 
917	2 
918	2 
919	18 
920	13 
921	8 
922	9 
923	18 
924	17 
925	2 
926	4 
927	13 
928	12 
929	15 
930	17 
931	18 
932	13 
933	18 
934	9 
935	2 
936	12 
937	14 
938	12 
939	13 
940	2 
941	2 
942	18 
943	1 
944	1 
945	8 
946	3 
947	2 
948	2 
949	2 
950	4 
951	18 
952	13 
953	1 
954	13 
955	14 
956	10 
957	2 
958	2 
959	18 
960	10 
961	2 
962	13 
963	10 
964	12 
965	8 
966	13 
967	4 
968	2 
969	3 
970	9 
971	1 
972	9 
973	1 
974	12 
975	15 
976	10 
977	12 
978	13 
979	19 
980	19 
981	9 
982	13 
983	18 
984	18 
985	4 
986	4 
987	10 
988	15 
989	13 
990	19 
991	9 
992	1 
993	13 
994	13 
995	13 
996	12 
997	10 
998	9 
999	15 
1000	10 
