1	3 
2	17 
3	16 
4	19 
5	3 
6	9 
7	14 
8	4 
9	8 
10	18 
11	8 
12	2 
13	10 
14	15 
15	3 
16	15 
17	17 
18	15 
19	8 
20	1 
21	15 
22	7 
23	17 
24	4 
25	8 
26	17 
27	4 
28	7 
29	13 
30	18 
31	12 
32	3 
33	4 
34	17 
35	17 
36	12 
37	18 
38	4 
39	17 
40	10 
41	12 
42	8 
43	14 
44	7 
45	17 
46	12 
47	8 
48	3 
49	1 
50	11 
51	13 
52	3 
53	13 
54	9 
55	5 
56	13 
57	13 
58	7 
59	3 
60	15 
61	10 
62	3 
63	2 
64	12 
65	17 
66	2 
67	10 
68	1 
69	9 
70	4 
71	17 
72	1 
73	9 
74	13 
75	13 
76	16 
77	5 
78	7 
79	19 
80	2 
81	17 
82	16 
83	3 
84	14 
85	7 
86	15 
87	9 
88	8 
89	12 
90	12 
91	8 
92	14 
93	3 
94	3 
95	7 
96	3 
97	9 
98	2 
99	2 
100	8 
101	1 
102	2 
103	14 
104	8 
105	7 
106	16 
107	14 
108	12 
109	14 
110	2 
111	2 
112	4 
113	7 
114	2 
115	2 
116	17 
117	4 
118	13 
119	5 
120	15 
121	5 
122	7 
123	7 
124	3 
125	11 
126	4 
127	3 
128	4 
129	3 
130	7 
131	8 
132	14 
133	7 
134	2 
135	3 
136	7 
137	9 
138	18 
139	3 
140	12 
141	9 
142	8 
143	6 
144	12 
145	18 
146	2 
147	7 
148	8 
149	10 
150	12 
151	3 
152	15 
153	2 
154	15 
155	1 
156	6 
157	2 
158	12 
159	2 
160	7 
161	9 
162	9 
163	18 
164	10 
165	3 
166	7 
167	3 
168	14 
169	4 
170	17 
171	3 
172	2 
173	15 
174	18 
175	8 
176	8 
177	2 
178	13 
179	8 
180	17 
181	9 
182	8 
183	2 
184	8 
185	8 
186	17 
187	9 
188	14 
189	17 
190	19 
191	3 
192	14 
193	9 
194	12 
195	19 
196	15 
197	17 
198	4 
199	9 
200	7 
201	13 
202	19 
203	12 
204	11 
205	2 
206	14 
207	17 
208	7 
209	17 
210	2 
211	7 
212	14 
213	8 
214	7 
215	3 
216	17 
217	9 
218	12 
219	7 
220	18 
221	5 
222	6 
223	13 
224	5 
225	17 
226	8 
227	3 
228	1 
229	5 
230	9 
231	14 
232	14 
233	19 
234	17 
235	8 
236	18 
237	19 
238	16 
239	13 
240	9 
241	8 
242	8 
243	4 
244	5 
245	3 
246	8 
247	3 
248	3 
249	11 
250	15 
251	10 
252	13 
253	9 
254	8 
255	5 
256	15 
257	17 
258	7 
259	9 
260	15 
261	18 
262	7 
263	7 
264	10 
265	4 
266	2 
267	1 
268	2 
269	18 
270	13 
271	1 
272	2 
273	4 
274	19 
275	1 
276	10 
277	16 
278	2 
279	11 
280	17 
281	2 
282	7 
283	5 
284	9 
285	14 
286	18 
287	9 
288	4 
289	10 
290	17 
291	6 
292	9 
293	3 
294	3 
295	3 
296	8 
297	18 
298	13 
299	7 
300	11 
301	1 
302	12 
303	4 
304	18 
305	6 
306	14 
307	8 
308	10 
309	4 
310	14 
311	18 
312	14 
313	5 
314	14 
315	16 
316	15 
317	14 
318	3 
319	13 
320	9 
321	16 
322	5 
323	7 
324	15 
325	17 
326	8 
327	2 
328	12 
329	9 
330	17 
331	16 
332	18 
333	10 
334	8 
335	2 
336	12 
337	17 
338	19 
339	7 
340	8 
341	10 
342	7 
343	15 
344	14 
345	10 
346	17 
347	4 
348	4 
349	3 
350	14 
351	17 
352	14 
353	4 
354	10 
355	19 
356	8 
357	15 
358	6 
359	15 
360	14 
361	7 
362	8 
363	2 
364	9 
365	15 
366	18 
367	19 
368	9 
369	2 
370	6 
371	8 
372	16 
373	7 
374	19 
375	8 
376	12 
377	10 
378	3 
379	4 
380	14 
381	2 
382	17 
383	14 
384	4 
385	7 
386	15 
387	3 
388	7 
389	15 
390	2 
391	3 
392	11 
393	4 
394	3 
395	11 
396	19 
397	14 
398	18 
399	2 
400	12 
401	16 
402	17 
403	10 
404	12 
405	9 
406	7 
407	12 
408	8 
409	3 
410	2 
411	14 
412	3 
413	3 
414	8 
415	10 
416	7 
417	11 
418	9 
419	14 
420	12 
421	8 
422	11 
423	7 
424	1 
425	18 
426	3 
427	2 
428	17 
429	4 
430	12 
431	14 
432	4 
433	15 
434	8 
435	12 
436	2 
437	13 
438	7 
439	4 
440	7 
441	17 
442	12 
443	11 
444	11 
445	7 
446	15 
447	8 
448	5 
449	12 
450	15 
451	2 
452	6 
453	12 
454	7 
455	7 
456	2 
457	10 
458	9 
459	9 
460	12 
461	16 
462	4 
463	17 
464	17 
465	15 
466	12 
467	7 
468	12 
469	11 
470	13 
471	2 
472	18 
473	13 
474	13 
475	7 
476	18 
477	13 
478	12 
479	4 
480	3 
481	6 
482	6 
483	8 
484	7 
485	4 
486	8 
487	9 
488	8 
489	13 
490	14 
491	3 
492	4 
493	16 
494	17 
495	17 
496	14 
497	12 
498	7 
499	14 
500	2 
501	4 
502	10 
503	5 
504	4 
505	6 
506	17 
507	2 
508	13 
509	2 
510	8 
511	10 
512	13 
513	7 
514	13 
515	10 
516	13 
517	12 
518	2 
519	19 
520	6 
521	1 
522	11 
523	1 
524	14 
525	8 
526	8 
527	15 
528	8 
529	5 
530	3 
531	16 
532	17 
533	2 
534	9 
535	17 
536	7 
537	3 
538	15 
539	4 
540	10 
541	9 
542	4 
543	1 
544	13 
545	17 
546	8 
547	9 
548	2 
549	17 
550	2 
551	19 
552	7 
553	13 
554	17 
555	7 
556	9 
557	6 
558	11 
559	2 
560	2 
561	5 
562	5 
563	7 
564	8 
565	7 
566	4 
567	3 
568	11 
569	7 
570	16 
571	6 
572	14 
573	3 
574	14 
575	9 
576	11 
577	11 
578	4 
579	12 
580	2 
581	17 
582	13 
583	14 
584	3 
585	14 
586	18 
587	4 
588	9 
589	7 
590	18 
591	8 
592	11 
593	17 
594	7 
595	13 
596	1 
597	11 
598	1 
599	5 
600	8 
601	16 
602	7 
603	9 
604	2 
605	8 
606	8 
607	16 
608	10 
609	11 
610	15 
611	3 
612	15 
613	11 
614	10 
615	18 
616	14 
617	17 
618	1 
619	8 
620	3 
621	11 
622	4 
623	16 
624	19 
625	9 
626	19 
627	6 
628	12 
629	14 
630	2 
631	5 
632	6 
633	17 
634	14 
635	8 
636	19 
637	3 
638	19 
639	16 
640	12 
641	15 
642	4 
643	19 
644	8 
645	7 
646	14 
647	17 
648	10 
649	19 
650	8 
651	8 
652	17 
653	14 
654	9 
655	19 
656	3 
657	19 
658	3 
659	3 
660	19 
661	12 
662	13 
663	8 
664	13 
665	10 
666	15 
667	19 
668	6 
669	14 
670	19 
671	15 
672	1 
673	16 
674	14 
675	4 
676	7 
677	5 
678	2 
679	3 
680	19 
681	6 
682	17 
683	6 
684	17 
685	17 
686	19 
687	14 
688	1 
689	17 
690	2 
691	4 
692	10 
693	6 
694	2 
695	5 
696	10 
697	3 
698	12 
699	8 
700	16 
701	7 
702	1 
703	9 
704	8 
705	3 
706	6 
707	7 
708	18 
709	9 
710	8 
711	2 
712	8 
713	9 
714	17 
715	14 
716	3 
717	7 
718	8 
719	12 
720	15 
721	8 
722	19 
723	18 
724	2 
725	4 
726	6 
727	2 
728	11 
729	12 
730	11 
731	4 
732	2 
733	1 
734	9 
735	7 
736	3 
737	7 
738	10 
739	12 
740	13 
741	8 
742	8 
743	3 
744	12 
745	3 
746	16 
747	18 
748	17 
749	8 
750	18 
751	4 
752	3 
753	5 
754	12 
755	15 
756	3 
757	8 
758	3 
759	4 
760	3 
761	15 
762	17 
763	19 
764	3 
765	9 
766	8 
767	7 
768	7 
769	8 
770	2 
771	1 
772	9 
773	2 
774	4 
775	2 
776	8 
777	3 
778	19 
779	5 
780	5 
781	3 
782	15 
783	17 
784	7 
785	13 
786	9 
787	9 
788	12 
789	17 
790	15 
791	14 
792	14 
793	17 
794	19 
795	10 
796	16 
797	8 
798	3 
799	14 
800	17 
801	9 
802	17 
803	17 
804	10 
805	17 
806	15 
807	17 
808	4 
809	10 
810	16 
811	8 
812	8 
813	17 
814	14 
815	19 
816	11 
817	14 
818	8 
819	7 
820	14 
821	17 
822	3 
823	5 
824	14 
825	10 
826	10 
827	3 
828	2 
829	17 
830	11 
831	2 
832	4 
833	9 
834	17 
835	8 
836	15 
837	16 
838	8 
839	1 
840	8 
841	12 
842	14 
843	1 
844	7 
845	7 
846	5 
847	8 
848	7 
849	17 
850	2 
851	12 
852	9 
853	3 
854	3 
855	12 
856	9 
857	14 
858	2 
859	2 
860	8 
861	4 
862	13 
863	12 
864	8 
865	7 
866	12 
867	5 
868	1 
869	8 
870	17 
871	8 
872	2 
873	17 
874	7 
875	1 
876	14 
877	7 
878	1 
879	9 
880	1 
881	2 
882	3 
883	19 
884	4 
885	5 
886	3 
887	12 
888	18 
889	15 
890	17 
891	3 
892	12 
893	8 
894	17 
895	13 
896	2 
897	9 
898	12 
899	18 
900	9 
901	7 
902	4 
903	2 
904	2 
905	13 
906	3 
907	3 
908	2 
909	14 
910	3 
911	18 
912	1 
913	15 
914	8 
915	3 
916	17 
917	2 
918	8 
919	10 
920	1 
921	14 
922	9 
923	14 
924	12 
925	12 
926	3 
927	9 
928	2 
929	12 
930	7 
931	14 
932	14 
933	19 
934	7 
935	3 
936	12 
937	17 
938	14 
939	13 
940	17 
941	4 
942	9 
943	10 
944	2 
945	17 
946	9 
947	9 
948	4 
949	2 
950	10 
951	4 
952	12 
953	17 
954	9 
955	9 
956	14 
957	7 
958	8 
959	13 
960	14 
961	12 
962	12 
963	19 
964	17 
965	12 
966	10 
967	15 
968	19 
969	19 
970	3 
971	10 
972	14 
973	12 
974	4 
975	7 
976	4 
977	3 
978	12 
979	3 
980	4 
981	4 
982	15 
983	12 
984	10 
985	14 
986	10 
987	8 
988	17 
989	9 
990	9 
991	12 
992	12 
993	3 
994	14 
995	12 
996	8 
997	12 
998	2 
999	17 
1000	9 
