1	6 
2	7 
3	13 
4	12 
5	17 
6	15 
7	2 
8	2 
9	4 
10	7 
11	12 
12	10 
13	5 
14	15 
15	18 
16	6 
17	8 
18	18 
19	8 
20	17 
21	1 
22	4 
23	9 
24	15 
25	18 
26	4 
27	9 
28	15 
29	9 
30	5 
31	9 
32	13 
33	2 
34	10 
35	17 
36	3 
37	13 
38	5 
39	17 
40	18 
41	9 
42	5 
43	13 
44	15 
45	13 
46	10 
47	3 
48	18 
49	1 
50	13 
51	1 
52	5 
53	1 
54	10 
55	14 
56	18 
57	2 
58	3 
59	10 
60	17 
61	2 
62	9 
63	13 
64	4 
65	3 
66	4 
67	1 
68	17 
69	1 
70	9 
71	4 
72	7 
73	1 
74	6 
75	9 
76	9 
77	3 
78	1 
79	8 
80	2 
81	5 
82	3 
83	17 
84	9 
85	7 
86	18 
87	6 
88	14 
89	9 
90	5 
91	1 
92	17 
93	6 
94	1 
95	17 
96	6 
97	16 
98	1 
99	3 
100	18 
101	18 
102	3 
103	18 
104	6 
105	6 
106	6 
107	17 
108	1 
109	18 
110	17 
111	4 
112	13 
113	8 
114	15 
115	18 
116	17 
117	13 
118	4 
119	10 
120	16 
121	12 
122	4 
123	4 
124	7 
125	14 
126	6 
127	1 
128	9 
129	9 
130	9 
131	4 
132	4 
133	11 
134	9 
135	15 
136	16 
137	15 
138	10 
139	18 
140	3 
141	11 
142	9 
143	17 
144	6 
145	8 
146	9 
147	8 
148	7 
149	15 
150	16 
151	11 
152	6 
153	3 
154	5 
155	17 
156	6 
157	18 
158	5 
159	15 
160	18 
161	13 
162	6 
163	1 
164	9 
165	6 
166	15 
167	17 
168	10 
169	18 
170	10 
171	9 
172	2 
173	2 
174	16 
175	6 
176	18 
177	17 
178	12 
179	5 
180	3 
181	1 
182	14 
183	5 
184	11 
185	16 
186	3 
187	9 
188	7 
189	10 
190	1 
191	17 
192	16 
193	18 
194	18 
195	12 
196	17 
197	18 
198	15 
199	8 
200	16 
201	1 
202	16 
203	3 
204	9 
205	15 
206	9 
207	6 
208	13 
209	7 
210	6 
211	18 
212	13 
213	16 
214	4 
215	7 
216	11 
217	17 
218	18 
219	16 
220	4 
221	14 
222	2 
223	10 
224	1 
225	4 
226	9 
227	9 
228	2 
229	4 
230	4 
231	5 
232	9 
233	1 
234	4 
235	17 
236	11 
237	1 
238	1 
239	4 
240	13 
241	15 
242	5 
243	9 
244	1 
245	8 
246	9 
247	5 
248	2 
249	11 
250	17 
251	6 
252	6 
253	18 
254	4 
255	2 
256	16 
257	9 
258	17 
259	9 
260	3 
261	18 
262	9 
263	15 
264	9 
265	3 
266	2 
267	2 
268	11 
269	9 
270	9 
271	7 
272	16 
273	8 
274	15 
275	5 
276	5 
277	3 
278	4 
279	4 
280	10 
281	10 
282	6 
283	2 
284	1 
285	12 
286	1 
287	14 
288	6 
289	4 
290	18 
291	18 
292	4 
293	8 
294	6 
295	2 
296	17 
297	15 
298	2 
299	7 
300	10 
301	6 
302	16 
303	16 
304	3 
305	17 
306	2 
307	1 
308	3 
309	6 
310	9 
311	4 
312	9 
313	17 
314	1 
315	17 
316	11 
317	17 
318	3 
319	11 
320	10 
321	13 
322	4 
323	6 
324	16 
325	5 
326	15 
327	5 
328	2 
329	4 
330	3 
331	18 
332	5 
333	15 
334	18 
335	9 
336	1 
337	16 
338	4 
339	6 
340	15 
341	9 
342	10 
343	10 
344	16 
345	15 
346	15 
347	18 
348	4 
349	7 
350	14 
351	6 
352	5 
353	4 
354	6 
355	16 
356	16 
357	2 
358	3 
359	8 
360	3 
361	1 
362	17 
363	2 
364	5 
365	1 
366	7 
367	2 
368	6 
369	16 
370	16 
371	6 
372	2 
373	14 
374	9 
375	6 
376	10 
377	1 
378	18 
379	9 
380	17 
381	16 
382	12 
383	11 
384	4 
385	6 
386	3 
387	7 
388	16 
389	11 
390	13 
391	8 
392	3 
393	17 
394	16 
395	16 
396	14 
397	2 
398	16 
399	4 
400	6 
401	8 
402	8 
403	4 
404	5 
405	15 
406	6 
407	18 
408	16 
409	3 
410	1 
411	9 
412	5 
413	11 
414	15 
415	4 
416	18 
417	6 
418	12 
419	14 
420	18 
421	8 
422	13 
423	15 
424	9 
425	15 
426	2 
427	4 
428	18 
429	13 
430	13 
431	6 
432	4 
433	6 
434	5 
435	10 
436	1 
437	16 
438	3 
439	2 
440	1 
441	7 
442	14 
443	2 
444	4 
445	18 
446	13 
447	12 
448	1 
449	13 
450	7 
451	7 
452	16 
453	9 
454	14 
455	17 
456	6 
457	9 
458	2 
459	9 
460	1 
461	1 
462	18 
463	10 
464	10 
465	12 
466	6 
467	2 
468	2 
469	6 
470	6 
471	12 
472	17 
473	17 
474	5 
475	9 
476	17 
477	2 
478	6 
479	6 
480	13 
481	17 
482	6 
483	11 
484	16 
485	5 
486	16 
487	11 
488	16 
489	11 
490	3 
491	17 
492	15 
493	4 
494	16 
495	13 
496	10 
497	9 
498	1 
499	7 
500	1 
501	15 
502	9 
503	8 
504	12 
505	6 
506	16 
507	18 
508	6 
509	9 
510	10 
511	15 
512	4 
513	16 
514	12 
515	1 
516	18 
517	6 
518	3 
519	9 
520	10 
521	13 
522	7 
523	13 
524	12 
525	13 
526	5 
527	18 
528	11 
529	4 
530	5 
531	9 
532	13 
533	9 
534	15 
535	13 
536	3 
537	4 
538	12 
539	4 
540	3 
541	1 
542	1 
543	3 
544	16 
545	17 
546	17 
547	4 
548	11 
549	11 
550	2 
551	13 
552	12 
553	2 
554	7 
555	18 
556	17 
557	8 
558	13 
559	9 
560	9 
561	8 
562	17 
563	6 
564	18 
565	5 
566	6 
567	6 
568	16 
569	17 
570	12 
571	1 
572	6 
573	9 
574	7 
575	6 
576	6 
577	4 
578	9 
579	17 
580	17 
581	16 
582	4 
583	14 
584	8 
585	16 
586	16 
587	13 
588	9 
589	14 
590	14 
591	4 
592	1 
593	4 
594	11 
595	1 
596	6 
597	5 
598	5 
599	15 
600	3 
601	8 
602	5 
603	15 
604	9 
605	9 
606	1 
607	17 
608	10 
609	1 
610	11 
611	8 
612	6 
613	6 
614	4 
615	7 
616	17 
617	6 
618	3 
619	15 
620	8 
621	2 
622	1 
623	4 
624	13 
625	8 
626	16 
627	16 
628	4 
629	15 
630	15 
631	17 
632	5 
633	10 
634	2 
635	16 
636	18 
637	17 
638	12 
639	13 
640	6 
641	16 
642	4 
643	11 
644	1 
645	8 
646	4 
647	17 
648	16 
649	6 
650	17 
651	6 
652	17 
653	17 
654	6 
655	2 
656	8 
657	4 
658	9 
659	15 
660	6 
661	1 
662	13 
663	13 
664	12 
665	12 
666	9 
667	14 
668	9 
669	5 
670	18 
671	9 
672	11 
673	17 
674	14 
675	2 
676	2 
677	14 
678	1 
679	14 
680	2 
681	6 
682	12 
683	7 
684	13 
685	5 
686	6 
687	13 
688	4 
689	6 
690	9 
691	8 
692	13 
693	4 
694	17 
695	18 
696	18 
697	6 
698	6 
699	10 
700	1 
701	12 
702	9 
703	6 
704	14 
705	4 
706	10 
707	8 
708	10 
709	8 
710	1 
711	3 
712	1 
713	13 
714	10 
715	6 
716	5 
717	14 
718	3 
719	17 
720	17 
721	9 
722	3 
723	12 
724	18 
725	16 
726	14 
727	9 
728	10 
729	11 
730	14 
731	13 
732	6 
733	9 
734	5 
735	17 
736	10 
737	11 
738	2 
739	6 
740	10 
741	5 
742	1 
743	17 
744	6 
745	5 
746	14 
747	7 
748	12 
749	3 
750	1 
751	6 
752	16 
753	5 
754	5 
755	17 
756	15 
757	6 
758	5 
759	13 
760	4 
761	14 
762	1 
763	4 
764	17 
765	9 
766	9 
767	13 
768	14 
769	15 
770	18 
771	6 
772	5 
773	3 
774	6 
775	7 
776	18 
777	6 
778	6 
779	1 
780	14 
781	3 
782	2 
783	14 
784	9 
785	18 
786	17 
787	14 
788	13 
789	2 
790	5 
791	16 
792	1 
793	17 
794	6 
795	16 
796	6 
797	18 
798	14 
799	2 
800	8 
801	18 
802	1 
803	16 
804	4 
805	15 
806	1 
807	15 
808	8 
809	2 
810	4 
811	3 
812	16 
813	17 
814	15 
815	5 
816	4 
817	16 
818	1 
819	9 
820	6 
821	3 
822	16 
823	18 
824	8 
825	16 
826	5 
827	15 
828	17 
829	5 
830	18 
831	16 
832	9 
833	15 
834	6 
835	1 
836	16 
837	10 
838	12 
839	5 
840	4 
841	4 
842	10 
843	3 
844	16 
845	16 
846	17 
847	1 
848	4 
849	9 
850	12 
851	16 
852	9 
853	9 
854	1 
855	3 
856	2 
857	6 
858	13 
859	8 
860	13 
861	15 
862	1 
863	6 
864	18 
865	15 
866	3 
867	15 
868	4 
869	18 
870	9 
871	4 
872	17 
873	1 
874	16 
875	4 
876	6 
877	6 
878	15 
879	9 
880	8 
881	17 
882	16 
883	17 
884	17 
885	16 
886	15 
887	17 
888	13 
889	4 
890	16 
891	18 
892	15 
893	6 
894	18 
895	3 
896	1 
897	9 
898	17 
899	6 
900	14 
901	15 
902	15 
903	16 
904	9 
905	5 
906	3 
907	13 
908	13 
909	4 
910	10 
911	8 
912	15 
913	5 
914	18 
915	1 
916	3 
917	2 
918	16 
919	6 
920	9 
921	15 
922	1 
923	4 
924	8 
925	2 
926	4 
927	1 
928	16 
929	16 
930	8 
931	15 
932	18 
933	16 
934	18 
935	18 
936	4 
937	8 
938	10 
939	9 
940	4 
941	6 
942	9 
943	17 
944	17 
945	17 
946	1 
947	13 
948	15 
949	9 
950	9 
951	16 
952	5 
953	8 
954	13 
955	13 
956	2 
957	16 
958	2 
959	10 
960	6 
961	5 
962	9 
963	9 
964	3 
965	6 
966	17 
967	15 
968	17 
969	4 
970	17 
971	6 
972	9 
973	13 
974	1 
975	1 
976	18 
977	3 
978	4 
979	17 
980	6 
981	8 
982	15 
983	13 
984	4 
985	3 
986	10 
987	4 
988	6 
989	18 
990	9 
991	17 
992	6 
993	13 
994	18 
995	3 
996	15 
997	17 
998	6 
999	4 
1000	5 
