1	15 
2	3 
3	12 
4	1 
5	18 
6	10 
7	14 
8	9 
9	2 
10	9 
11	11 
12	18 
13	13 
14	9 
15	16 
16	14 
17	6 
18	18 
19	17 
20	19 
21	5 
22	18 
23	14 
24	19 
25	5 
26	12 
27	17 
28	15 
29	17 
30	11 
31	5 
32	5 
33	11 
34	2 
35	16 
36	8 
37	1 
38	18 
39	2 
40	4 
41	5 
42	13 
43	12 
44	2 
45	7 
46	1 
47	3 
48	19 
49	12 
50	6 
51	4 
52	9 
53	7 
54	16 
55	9 
56	4 
57	18 
58	6 
59	6 
60	18 
61	7 
62	12 
63	13 
64	7 
65	17 
66	6 
67	18 
68	16 
69	4 
70	6 
71	13 
72	13 
73	17 
74	18 
75	14 
76	6 
77	11 
78	18 
79	7 
80	9 
81	8 
82	19 
83	5 
84	9 
85	16 
86	11 
87	19 
88	19 
89	10 
90	4 
91	6 
92	9 
93	2 
94	17 
95	19 
96	7 
97	8 
98	3 
99	9 
100	19 
101	17 
102	11 
103	14 
104	11 
105	15 
106	12 
107	17 
108	11 
109	11 
110	19 
111	4 
112	11 
113	12 
114	6 
115	9 
116	15 
117	3 
118	19 
119	8 
120	9 
121	5 
122	2 
123	6 
124	17 
125	13 
126	15 
127	13 
128	9 
129	18 
130	12 
131	16 
132	11 
133	7 
134	2 
135	16 
136	11 
137	10 
138	9 
139	19 
140	10 
141	1 
142	5 
143	14 
144	2 
145	5 
146	8 
147	18 
148	6 
149	19 
150	18 
151	11 
152	17 
153	2 
154	17 
155	5 
156	16 
157	14 
158	3 
159	15 
160	9 
161	7 
162	6 
163	19 
164	5 
165	19 
166	5 
167	4 
168	1 
169	16 
170	11 
171	11 
172	18 
173	16 
174	11 
175	5 
176	11 
177	5 
178	11 
179	11 
180	8 
181	13 
182	10 
183	8 
184	18 
185	19 
186	3 
187	17 
188	6 
189	3 
190	15 
191	19 
192	18 
193	5 
194	17 
195	5 
196	18 
197	5 
198	17 
199	12 
200	11 
201	12 
202	7 
203	19 
204	14 
205	18 
206	1 
207	11 
208	9 
209	6 
210	14 
211	11 
212	9 
213	18 
214	2 
215	1 
216	1 
217	6 
218	6 
219	12 
220	9 
221	16 
222	2 
223	13 
224	14 
225	11 
226	9 
227	7 
228	9 
229	16 
230	7 
231	5 
232	8 
233	19 
234	14 
235	10 
236	14 
237	5 
238	5 
239	11 
240	18 
241	15 
242	17 
243	11 
244	13 
245	6 
246	18 
247	18 
248	5 
249	11 
250	19 
251	9 
252	14 
253	9 
254	18 
255	5 
256	16 
257	18 
258	18 
259	12 
260	3 
261	16 
262	17 
263	12 
264	11 
265	11 
266	6 
267	19 
268	2 
269	19 
270	6 
271	5 
272	9 
273	5 
274	5 
275	1 
276	9 
277	12 
278	2 
279	19 
280	1 
281	9 
282	11 
283	17 
284	15 
285	2 
286	10 
287	18 
288	16 
289	6 
290	9 
291	3 
292	8 
293	14 
294	18 
295	14 
296	12 
297	4 
298	11 
299	4 
300	17 
301	19 
302	13 
303	19 
304	12 
305	6 
306	19 
307	4 
308	12 
309	16 
310	12 
311	11 
312	18 
313	14 
314	1 
315	5 
316	11 
317	19 
318	7 
319	14 
320	8 
321	18 
322	14 
323	5 
324	15 
325	14 
326	1 
327	4 
328	19 
329	2 
330	11 
331	17 
332	13 
333	8 
334	3 
335	12 
336	11 
337	11 
338	6 
339	17 
340	19 
341	12 
342	11 
343	1 
344	13 
345	14 
346	4 
347	2 
348	17 
349	6 
350	2 
351	11 
352	9 
353	18 
354	11 
355	18 
356	9 
357	11 
358	19 
359	12 
360	18 
361	17 
362	10 
363	7 
364	11 
365	11 
366	18 
367	6 
368	19 
369	7 
370	10 
371	14 
372	5 
373	18 
374	9 
375	2 
376	6 
377	6 
378	17 
379	4 
380	13 
381	15 
382	12 
383	18 
384	9 
385	2 
386	2 
387	17 
388	11 
389	19 
390	14 
391	6 
392	8 
393	5 
394	5 
395	19 
396	14 
397	11 
398	5 
399	9 
400	18 
401	10 
402	18 
403	17 
404	13 
405	12 
406	18 
407	13 
408	19 
409	5 
410	4 
411	18 
412	19 
413	12 
414	3 
415	2 
416	11 
417	5 
418	4 
419	4 
420	15 
421	14 
422	11 
423	9 
424	8 
425	11 
426	9 
427	7 
428	12 
429	18 
430	18 
431	11 
432	18 
433	3 
434	6 
435	12 
436	18 
437	2 
438	8 
439	7 
440	19 
441	19 
442	11 
443	1 
444	18 
445	3 
446	3 
447	14 
448	15 
449	10 
450	17 
451	11 
452	12 
453	8 
454	19 
455	19 
456	11 
457	5 
458	12 
459	2 
460	1 
461	18 
462	11 
463	2 
464	18 
465	8 
466	11 
467	19 
468	14 
469	14 
470	9 
471	8 
472	9 
473	9 
474	17 
475	14 
476	8 
477	13 
478	15 
479	19 
480	18 
481	8 
482	16 
483	10 
484	17 
485	2 
486	12 
487	9 
488	14 
489	14 
490	5 
491	19 
492	9 
493	19 
494	14 
495	6 
496	9 
497	12 
498	6 
499	3 
500	18 
501	9 
502	18 
503	11 
504	1 
505	18 
506	17 
507	15 
508	18 
509	10 
510	6 
511	12 
512	6 
513	5 
514	13 
515	11 
516	6 
517	9 
518	11 
519	19 
520	5 
521	17 
522	18 
523	14 
524	8 
525	18 
526	12 
527	14 
528	14 
529	9 
530	11 
531	6 
532	9 
533	17 
534	15 
535	5 
536	9 
537	19 
538	2 
539	19 
540	18 
541	5 
542	4 
543	16 
544	16 
545	5 
546	16 
547	13 
548	19 
549	17 
550	9 
551	8 
552	17 
553	14 
554	17 
555	19 
556	9 
557	18 
558	19 
559	4 
560	5 
561	5 
562	12 
563	19 
564	15 
565	12 
566	11 
567	12 
568	4 
569	9 
570	5 
571	12 
572	2 
573	9 
574	9 
575	12 
576	9 
577	5 
578	2 
579	9 
580	6 
581	2 
582	10 
583	3 
584	19 
585	18 
586	2 
587	2 
588	12 
589	9 
590	3 
591	17 
592	18 
593	11 
594	12 
595	9 
596	19 
597	17 
598	9 
599	5 
600	2 
601	12 
602	7 
603	9 
604	16 
605	19 
606	19 
607	7 
608	8 
609	10 
610	8 
611	14 
612	18 
613	15 
614	2 
615	2 
616	11 
617	4 
618	5 
619	12 
620	9 
621	14 
622	8 
623	12 
624	2 
625	19 
626	18 
627	11 
628	4 
629	10 
630	11 
631	15 
632	10 
633	9 
634	14 
635	5 
636	5 
637	15 
638	17 
639	13 
640	3 
641	14 
642	11 
643	6 
644	17 
645	3 
646	1 
647	19 
648	1 
649	18 
650	19 
651	13 
652	7 
653	9 
654	6 
655	13 
656	9 
657	19 
658	14 
659	14 
660	15 
661	10 
662	4 
663	10 
664	7 
665	17 
666	9 
667	12 
668	5 
669	18 
670	15 
671	9 
672	15 
673	4 
674	11 
675	14 
676	18 
677	3 
678	9 
679	5 
680	10 
681	17 
682	14 
683	9 
684	5 
685	17 
686	3 
687	7 
688	14 
689	18 
690	10 
691	18 
692	9 
693	12 
694	5 
695	19 
696	19 
697	11 
698	11 
699	18 
700	9 
701	16 
702	6 
703	5 
704	19 
705	18 
706	19 
707	12 
708	2 
709	12 
710	3 
711	5 
712	5 
713	5 
714	14 
715	17 
716	19 
717	19 
718	14 
719	1 
720	12 
721	17 
722	19 
723	17 
724	5 
725	18 
726	9 
727	6 
728	13 
729	17 
730	19 
731	8 
732	12 
733	2 
734	18 
735	18 
736	19 
737	18 
738	3 
739	7 
740	7 
741	13 
742	1 
743	11 
744	6 
745	1 
746	11 
747	6 
748	16 
749	11 
750	14 
751	4 
752	5 
753	3 
754	12 
755	10 
756	3 
757	14 
758	5 
759	14 
760	5 
761	14 
762	4 
763	9 
764	11 
765	8 
766	2 
767	11 
768	14 
769	12 
770	5 
771	3 
772	18 
773	8 
774	14 
775	14 
776	17 
777	11 
778	10 
779	8 
780	12 
781	9 
782	9 
783	18 
784	1 
785	11 
786	5 
787	13 
788	19 
789	9 
790	11 
791	5 
792	3 
793	14 
794	12 
795	12 
796	11 
797	15 
798	3 
799	10 
800	9 
801	16 
802	16 
803	18 
804	4 
805	9 
806	14 
807	5 
808	11 
809	7 
810	18 
811	7 
812	15 
813	19 
814	12 
815	8 
816	11 
817	19 
818	5 
819	5 
820	10 
821	9 
822	18 
823	5 
824	17 
825	14 
826	19 
827	15 
828	10 
829	7 
830	9 
831	6 
832	14 
833	6 
834	19 
835	12 
836	16 
837	5 
838	2 
839	11 
840	11 
841	5 
842	12 
843	9 
844	9 
845	12 
846	9 
847	2 
848	14 
849	13 
850	19 
851	9 
852	19 
853	18 
854	17 
855	6 
856	13 
857	18 
858	6 
859	11 
860	11 
861	10 
862	18 
863	8 
864	10 
865	7 
866	8 
867	3 
868	9 
869	2 
870	11 
871	6 
872	6 
873	6 
874	18 
875	13 
876	2 
877	11 
878	9 
879	11 
880	10 
881	3 
882	9 
883	10 
884	17 
885	13 
886	14 
887	11 
888	7 
889	9 
890	13 
891	2 
892	13 
893	9 
894	19 
895	9 
896	5 
897	9 
898	5 
899	18 
900	5 
901	12 
902	18 
903	19 
904	12 
905	18 
906	12 
907	9 
908	12 
909	18 
910	14 
911	6 
912	13 
913	6 
914	12 
915	5 
916	18 
917	18 
918	14 
919	13 
920	13 
921	19 
922	12 
923	11 
924	6 
925	9 
926	10 
927	9 
928	10 
929	2 
930	14 
931	19 
932	17 
933	5 
934	2 
935	17 
936	9 
937	18 
938	18 
939	10 
940	11 
941	11 
942	5 
943	17 
944	19 
945	17 
946	18 
947	14 
948	6 
949	18 
950	14 
951	19 
952	9 
953	6 
954	14 
955	17 
956	5 
957	18 
958	19 
959	18 
960	17 
961	9 
962	11 
963	9 
964	11 
965	12 
966	5 
967	17 
968	11 
969	2 
970	18 
971	11 
972	9 
973	9 
974	11 
975	18 
976	18 
977	11 
978	6 
979	11 
980	12 
981	5 
982	18 
983	19 
984	6 
985	11 
986	9 
987	9 
988	12 
989	6 
990	6 
991	6 
992	9 
993	5 
994	14 
995	14 
996	19 
997	14 
998	18 
999	5 
1000	5 
