1	2 
2	16 
3	3 
4	11 
5	9 
6	5 
7	16 
8	14 
9	9 
10	2 
11	2 
12	10 
13	11 
14	16 
15	15 
16	16 
17	8 
18	2 
19	15 
20	10 
21	16 
22	16 
23	6 
24	6 
25	4 
26	6 
27	5 
28	5 
29	7 
30	4 
31	14 
32	15 
33	13 
34	15 
35	6 
36	7 
37	7 
38	12 
39	11 
40	4 
41	4 
42	6 
43	10 
44	12 
45	16 
46	7 
47	14 
48	6 
49	5 
50	13 
51	6 
52	10 
53	4 
54	2 
55	13 
56	11 
57	4 
58	9 
59	8 
60	10 
61	11 
62	15 
63	12 
64	3 
65	16 
66	12 
67	11 
68	2 
69	5 
70	9 
71	10 
72	15 
73	16 
74	6 
75	4 
76	11 
77	15 
78	15 
79	6 
80	10 
81	6 
82	2 
83	5 
84	11 
85	3 
86	14 
87	13 
88	4 
89	10 
90	15 
91	16 
92	5 
93	5 
94	2 
95	5 
96	14 
97	12 
98	1 
99	5 
100	16 
101	15 
102	5 
103	4 
104	15 
105	15 
106	12 
107	15 
108	16 
109	8 
110	2 
111	1 
112	16 
113	1 
114	4 
115	2 
116	9 
117	9 
118	9 
119	16 
120	15 
121	10 
122	10 
123	10 
124	13 
125	10 
126	16 
127	10 
128	5 
129	14 
130	11 
131	4 
132	14 
133	12 
134	14 
135	15 
136	16 
137	14 
138	14 
139	6 
140	13 
141	16 
142	16 
143	12 
144	10 
145	2 
146	1 
147	3 
148	1 
149	2 
150	10 
151	8 
152	11 
153	9 
154	12 
155	12 
156	12 
157	5 
158	16 
159	2 
160	6 
161	12 
162	11 
163	2 
164	8 
165	8 
166	8 
167	4 
168	12 
169	4 
170	6 
171	15 
172	13 
173	11 
174	16 
175	14 
176	9 
177	11 
178	13 
179	3 
180	2 
181	1 
182	14 
183	5 
184	9 
185	6 
186	4 
187	6 
188	13 
189	14 
190	3 
191	10 
192	5 
193	15 
194	6 
195	10 
196	4 
197	13 
198	14 
199	3 
200	15 
201	6 
202	8 
203	11 
204	10 
205	5 
206	7 
207	14 
208	10 
209	2 
210	1 
211	9 
212	14 
213	16 
214	1 
215	13 
216	1 
217	1 
218	11 
219	9 
220	14 
221	6 
222	6 
223	7 
224	12 
225	3 
226	4 
227	1 
228	4 
229	5 
230	11 
231	6 
232	2 
233	1 
234	13 
235	16 
236	4 
237	5 
238	8 
239	8 
240	9 
241	2 
242	16 
243	8 
244	2 
245	16 
246	12 
247	15 
248	2 
249	14 
250	2 
251	14 
252	15 
253	16 
254	15 
255	1 
256	15 
257	11 
258	12 
259	14 
260	16 
261	8 
262	13 
263	11 
264	1 
265	4 
266	11 
267	14 
268	13 
269	6 
270	16 
271	6 
272	13 
273	14 
274	6 
275	12 
276	6 
277	14 
278	4 
279	11 
280	5 
281	9 
282	5 
283	15 
284	16 
285	7 
286	14 
287	6 
288	3 
289	14 
290	16 
291	1 
292	4 
293	5 
294	7 
295	4 
296	10 
297	6 
298	14 
299	8 
300	16 
301	1 
302	14 
303	16 
304	16 
305	11 
306	13 
307	5 
308	1 
309	6 
310	16 
311	6 
312	14 
313	6 
314	10 
315	16 
316	16 
317	16 
318	13 
319	1 
320	10 
321	3 
322	11 
323	13 
324	7 
325	16 
326	10 
327	16 
328	16 
329	2 
330	12 
331	14 
332	5 
333	1 
334	9 
335	15 
336	10 
337	6 
338	15 
339	4 
340	14 
341	13 
342	13 
343	11 
344	2 
345	1 
346	12 
347	7 
348	16 
349	4 
350	9 
351	15 
352	15 
353	6 
354	2 
355	12 
356	15 
357	5 
358	9 
359	16 
360	7 
361	2 
362	7 
363	10 
364	9 
365	2 
366	11 
367	15 
368	4 
369	11 
370	15 
371	10 
372	14 
373	2 
374	3 
375	10 
376	1 
377	2 
378	13 
379	16 
380	8 
381	15 
382	10 
383	4 
384	12 
385	15 
386	16 
387	4 
388	4 
389	11 
390	7 
391	10 
392	15 
393	5 
394	16 
395	11 
396	6 
397	5 
398	12 
399	12 
400	11 
401	8 
402	3 
403	6 
404	11 
405	6 
406	11 
407	1 
408	3 
409	14 
410	10 
411	7 
412	2 
413	1 
414	12 
415	12 
416	4 
417	10 
418	7 
419	11 
420	15 
421	11 
422	16 
423	11 
424	16 
425	6 
426	11 
427	13 
428	4 
429	13 
430	13 
431	15 
432	1 
433	16 
434	11 
435	12 
436	2 
437	3 
438	15 
439	8 
440	14 
441	13 
442	9 
443	11 
444	13 
445	11 
446	14 
447	16 
448	4 
449	4 
450	5 
451	4 
452	8 
453	15 
454	5 
455	2 
456	8 
457	2 
458	8 
459	15 
460	5 
461	6 
462	13 
463	13 
464	11 
465	16 
466	12 
467	7 
468	6 
469	7 
470	9 
471	4 
472	16 
473	11 
474	8 
475	13 
476	15 
477	9 
478	11 
479	4 
480	13 
481	13 
482	11 
483	4 
484	15 
485	12 
486	9 
487	14 
488	7 
489	16 
490	7 
491	2 
492	3 
493	5 
494	1 
495	4 
496	4 
497	9 
498	7 
499	8 
500	16 
501	4 
502	2 
503	9 
504	8 
505	2 
506	8 
507	6 
508	10 
509	1 
510	4 
511	12 
512	2 
513	1 
514	9 
515	11 
516	7 
517	16 
518	8 
519	7 
520	7 
521	12 
522	1 
523	8 
524	5 
525	5 
526	5 
527	8 
528	5 
529	2 
530	12 
531	11 
532	13 
533	13 
534	12 
535	9 
536	16 
537	6 
538	8 
539	8 
540	8 
541	16 
542	10 
543	6 
544	8 
545	4 
546	10 
547	6 
548	13 
549	5 
550	9 
551	8 
552	13 
553	5 
554	13 
555	4 
556	15 
557	15 
558	14 
559	4 
560	13 
561	10 
562	10 
563	1 
564	13 
565	9 
566	5 
567	15 
568	15 
569	15 
570	15 
571	11 
572	1 
573	13 
574	2 
575	2 
576	4 
577	7 
578	16 
579	16 
580	9 
581	4 
582	2 
583	7 
584	13 
585	7 
586	1 
587	12 
588	10 
589	6 
590	10 
591	10 
592	15 
593	8 
594	10 
595	9 
596	5 
597	7 
598	13 
599	9 
600	6 
601	4 
602	7 
603	9 
604	16 
605	12 
606	15 
607	9 
608	6 
609	4 
610	4 
611	16 
612	10 
613	9 
614	2 
615	8 
616	16 
617	14 
618	9 
619	11 
620	11 
621	4 
622	8 
623	7 
624	16 
625	8 
626	2 
627	5 
628	5 
629	11 
630	13 
631	6 
632	14 
633	5 
634	1 
635	8 
636	14 
637	3 
638	3 
639	6 
640	13 
641	4 
642	16 
643	3 
644	5 
645	14 
646	16 
647	3 
648	12 
649	1 
650	12 
651	10 
652	10 
653	6 
654	5 
655	13 
656	15 
657	15 
658	2 
659	10 
660	4 
661	9 
662	1 
663	12 
664	13 
665	12 
666	4 
667	13 
668	16 
669	11 
670	14 
671	16 
672	6 
673	4 
674	8 
675	2 
676	4 
677	1 
678	10 
679	5 
680	14 
681	15 
682	3 
683	1 
684	16 
685	12 
686	6 
687	14 
688	6 
689	14 
690	3 
691	6 
692	7 
693	8 
694	15 
695	6 
696	10 
697	1 
698	16 
699	15 
700	12 
701	16 
702	10 
703	2 
704	14 
705	15 
706	4 
707	12 
708	15 
709	3 
710	4 
711	2 
712	11 
713	5 
714	13 
715	5 
716	5 
717	14 
718	10 
719	5 
720	6 
721	15 
722	4 
723	11 
724	5 
725	4 
726	6 
727	5 
728	9 
729	12 
730	11 
731	11 
732	8 
733	5 
734	6 
735	11 
736	4 
737	16 
738	15 
739	1 
740	1 
741	11 
742	13 
743	4 
744	3 
745	5 
746	14 
747	14 
748	2 
749	9 
750	2 
751	2 
752	4 
753	12 
754	8 
755	16 
756	16 
757	7 
758	4 
759	16 
760	7 
761	7 
762	14 
763	2 
764	12 
765	16 
766	12 
767	8 
768	9 
769	12 
770	15 
771	5 
772	6 
773	5 
774	6 
775	6 
776	14 
777	5 
778	2 
779	15 
780	12 
781	7 
782	6 
783	16 
784	16 
785	5 
786	1 
787	15 
788	13 
789	1 
790	1 
791	12 
792	4 
793	4 
794	10 
795	13 
796	15 
797	15 
798	10 
799	12 
800	7 
801	7 
802	7 
803	12 
804	11 
805	9 
806	6 
807	8 
808	4 
809	13 
810	8 
811	1 
812	16 
813	2 
814	8 
815	15 
816	4 
817	9 
818	5 
819	16 
820	2 
821	2 
822	7 
823	13 
824	9 
825	7 
826	2 
827	2 
828	5 
829	10 
830	4 
831	13 
832	8 
833	4 
834	4 
835	9 
836	14 
837	11 
838	1 
839	12 
840	6 
841	2 
842	14 
843	13 
844	12 
845	3 
846	3 
847	10 
848	12 
849	8 
850	2 
851	14 
852	13 
853	16 
854	12 
855	10 
856	8 
857	4 
858	8 
859	11 
860	9 
861	9 
862	2 
863	6 
864	16 
865	4 
866	10 
867	10 
868	13 
869	10 
870	13 
871	7 
872	4 
873	5 
874	14 
875	9 
876	16 
877	16 
878	4 
879	6 
880	9 
881	6 
882	11 
883	5 
884	13 
885	7 
886	10 
887	10 
888	1 
889	11 
890	8 
891	2 
892	13 
893	11 
894	15 
895	1 
896	6 
897	4 
898	12 
899	5 
900	2 
901	2 
902	10 
903	11 
904	1 
905	11 
906	2 
907	14 
908	16 
909	5 
910	9 
911	2 
912	12 
913	2 
914	9 
915	4 
916	14 
917	15 
918	12 
919	11 
920	1 
921	5 
922	2 
923	14 
924	14 
925	5 
926	11 
927	5 
928	6 
929	11 
930	8 
931	13 
932	6 
933	10 
934	16 
935	7 
936	5 
937	8 
938	14 
939	13 
940	13 
941	15 
942	11 
943	16 
944	7 
945	15 
946	2 
947	10 
948	9 
949	16 
950	7 
951	4 
952	16 
953	1 
954	4 
955	6 
956	14 
957	12 
958	10 
959	15 
960	8 
961	11 
962	2 
963	4 
964	5 
965	1 
966	4 
967	13 
968	4 
969	4 
970	4 
971	13 
972	10 
973	6 
974	6 
975	16 
976	9 
977	10 
978	16 
979	16 
980	6 
981	9 
982	12 
983	8 
984	2 
985	12 
986	16 
987	12 
988	16 
989	16 
990	9 
991	2 
992	16 
993	12 
994	16 
995	8 
996	7 
997	5 
998	15 
999	7 
1000	14 
